6.395797351142391146e-03
2.673429736169055139e-03
2.733439670410007290e-03
2.626264741411432797e-03
2.558913087705150333e-03
2.567613824503496133e-03
2.545955624664202228e-03
2.588403871050104412e-03
2.615541503764689125e-03
2.432979567674920136e-03
2.646476938389241782e-03
2.600139991845935687e-03
2.556714050006121501e-03
2.384045411599799817e-03
2.511540355626493571e-03
2.455945048714056403e-03
2.463194122537970369e-03
2.550648283213377207e-03
2.407980039715766803e-03
2.440909985452890518e-03
2.497096754377707735e-03
2.404658569721504838e-03
2.328546391800045880e-03
2.349554422544315301e-03
2.335664542624726718e-03
2.326226265868171911e-03
2.306190680246800358e-03
2.314733467064797670e-03
2.334129234077408823e-03
1.753995846374891776e-03
1.647665192722342839e-03
1.477474331040866699e-03
1.473681121715344523e-03
1.239765920909121624e-03
1.351950355456210673e-03
1.339719531824812336e-03
1.274853482609614652e-03
1.174295411328785165e-03
1.224203740130178596e-03
1.225398910464718964e-03
1.181684714974835532e-03
1.162697722902521560e-03
1.279153783107176432e-03
1.199985169223509755e-03
1.125784082105383372e-03
1.208723927848041110e-03
1.152207309496589092e-03
1.123494455241598163e-03
1.161652928567491559e-03
1.117657608701847589e-03
1.092164551373571218e-03
1.150690605863928691e-03
1.221819191123358966e-03
1.110225773300044282e-03
1.076998985954560418e-03
1.140038340236060365e-03
1.027524478849954842e-03
1.066434188396670011e-03
1.146226621349342176e-03
1.065280039620120165e-03
1.139400102547369949e-03
1.105387912248261299e-03
1.180439908057451205e-03
1.007772033917717688e-03
1.206747566466219619e-03
1.200268202810548298e-03
1.026316715870052680e-03
1.189761747955344695e-03
9.621224808506667267e-04
9.814200736582279466e-04
1.045427102362737025e-03
9.634537101374007805e-04
9.330494113964960022e-04
9.828481651493348875e-04
9.377472518826834988e-04
9.010840847622602744e-04
9.449003395275212608e-04
9.566421460476704376e-04
9.698674007086083466e-04
9.545056271599605983e-04
8.744621885125525773e-04
8.333803495042957235e-04
9.752753324573860049e-04
1.036631710885558199e-03
9.500140650197863232e-04
9.342796856071799603e-04
8.970118549768812521e-04
9.309173445217310949e-04
8.885588307748548470e-04
8.999328012578189807e-04
9.133142192149535125e-04
8.078008357551880484e-04
7.971247963723726354e-04
8.590387806179933250e-04
8.992202443187124507e-04
9.072929804096929642e-04
7.997309474740177697e-04
8.254539803601801612e-04
8.728305139811709957e-04
8.315229974687099630e-04
9.128761972533539154e-04
8.096312929410486980e-04
7.868215351481921927e-04
9.049047200824133965e-04
7.861097619752399623e-04
8.600596882752143150e-04
8.039137691957876433e-04
7.851244241464883306e-04
8.232952529215253413e-04
7.788900754530914388e-04
7.728891272563487074e-04
7.272927302983589384e-04
8.606373172369785824e-04
8.270330206141807399e-04
8.387437599594704373e-04
7.912322983611375571e-04
7.785467570647597009e-04
8.320617803838103489e-04
8.667747833533212889e-04
7.916503807064146064e-04
7.850459896144456771e-04
8.913121226942166643e-04
7.618802634533494581e-04
7.952432238380424505e-04
7.571463371277787008e-04
8.374806839856319520e-04
7.825942075578495513e-04
7.177729156683199064e-04
6.587720758398064001e-04
7.894396784831769374e-04
7.967771615949458984e-04
7.204272659146227246e-04
7.683761310181579963e-04
7.074533920967951677e-04
7.279735076008365035e-04
7.749971622251905631e-04
8.114919386571272991e-04
7.502100430428981998e-04
7.557258571614511441e-04
7.558329749736003448e-04
7.191490120021625920e-04
6.998685927828773379e-04
7.306552538648247545e-04
7.743796554859727448e-04
7.988823202322237671e-04
8.030983421485871597e-04
7.620945313828997574e-04
7.044798447168431742e-04
6.764673671568743885e-04
6.963212866685353350e-04
7.389190507819876552e-04
7.373243322945199473e-04
7.176784652983769991e-04
6.705612572841346090e-04
6.650902453111484734e-04
6.949033628916367411e-04
7.586021276074461335e-04
7.337944430764764027e-04
7.039083077688701191e-04
7.083080286975018897e-04
6.801088061183691198e-04
7.395386372809298293e-04
6.843168326304293649e-04
6.926504350849427413e-04
6.697626324603334156e-04
6.801186414668335990e-04
7.036657034768722604e-04
6.638766801916062572e-04
6.788202235475182880e-04
7.259654745575971771e-04
7.321298320312053095e-04
6.929978140396996812e-04
7.758031875710003295e-04
6.798024254385382067e-04
5.988238065037876454e-04
7.356511062243953087e-04
6.371833890443667509e-04
7.046508294297382409e-04
6.905085506150499160e-04
6.666587790823541712e-04
6.853695082827470720e-04
6.867925380356610342e-04
6.573186110472306609e-04
7.167095268960110323e-04
6.429211757495068187e-04
6.334905122639611840e-04
6.663802449475042826e-04
6.750414561247453180e-04
7.142409463995136537e-04
5.939968940219842201e-04
6.430155230918899352e-04
6.708613372757099916e-04
7.073945814045145631e-04
6.762048817472532478e-04
7.236977337743155398e-04
6.964427727507427595e-04
7.181542087346315037e-04
6.354453229869250729e-04
6.879023296642117289e-04
6.661651661852374760e-04
6.114591666846535623e-04
6.881785119185224479e-04
6.862599618034436822e-04
6.587666991981677624e-04
5.984521907521411560e-04
6.286561573506332891e-04
7.800130188115872443e-04
6.437170461867935695e-04
6.570230811485089882e-04
7.008555775973946203e-04
6.174253814970143226e-04
6.455769433523528581e-04
6.657923036254942244e-04
6.949054932920262608e-04
6.667924462817609310e-04
6.687787506962194605e-04
6.145042435673531188e-04
6.759966738172807233e-04
6.348894676193594933e-04
6.367998314090073542e-04
5.778143901261500884e-04
6.459529657149686976e-04
6.177916986052877897e-04
5.408300607814453716e-04
6.090129053336568133e-04
6.459717541292775379e-04
6.891976148472167682e-04
6.479112349916249384e-04
6.029895032406784681e-04
6.692947034025564356e-04
6.484826040104962712e-04
5.888928391505032474e-04
5.832206731429323077e-04
5.492590108769945844e-04
5.710536036349367090e-04
5.818444938631727771e-04
5.773845591465942735e-04
5.780114297522231936e-04
5.916341894771904013e-04
6.853687795228324614e-04
5.940031041973270476e-04
5.956321684061549257e-04
5.523080684361048173e-04
5.829944400466047141e-04
6.519782025134191177e-04
5.658135766861960552e-04
6.629040378902573052e-04
5.619268519512842864e-04
5.582262609095777883e-04
5.720257823122664939e-04
6.299885793123394728e-04
5.539555584255140188e-04
6.580057925020810217e-04
5.481969025277066846e-04
5.829350394196808728e-04
5.576358185498974697e-04
5.738676230248529941e-04
5.930588819319382180e-04
5.921309346740600025e-04
5.829339800402521827e-04
6.330133846495300878e-04
6.428415194386616870e-04
5.981665739091113340e-04
6.023005562019534756e-04
5.530027634813450147e-04
5.848631315166130575e-04
5.396224853757302948e-04
5.177971853117924574e-04
5.908087876741774684e-04
6.304939714027568264e-04
5.969449883559719032e-04
5.732259227079339456e-04
6.284193089231848457e-04
6.063662265660240813e-04
5.798070551827549587e-04
5.792825817479751787e-04
6.165013922145589926e-04
5.871739547001198194e-04
5.434693205461371430e-04
6.161199939379003419e-04
5.522120524256024380e-04
5.009724179399200044e-04
5.521834670798853300e-04
5.597732383466791535e-04
5.988021111988928169e-04
5.997586266312282836e-04
6.209311880229506381e-04
5.451550996804143887e-04
6.144059373764321685e-04
5.345251249673310754e-04
5.582097961450927176e-04
5.464987634331919600e-04
5.534763559990096881e-04
5.543884316284675108e-04
5.269472957297693895e-04
5.883307877229527029e-04
5.033985216869041324e-04
5.479540066153276625e-04
5.426139940391294962e-04
6.506620589061640030e-04
5.031265773868654314e-04
5.395155643054750294e-04
5.607478090678342164e-04
5.313076371385250588e-04
5.877191170293371777e-04
5.932090290298219814e-04
5.311898500076494981e-04
5.639246405917219644e-04
5.435704420960974165e-04
5.418288227519951717e-04
5.444867155165411489e-04
5.346590287808794181e-04
5.535957487882114903e-04
5.723567225504666090e-04
4.743536868772934905e-04
5.257840185367968324e-04
5.238850876048673465e-04
5.181476799771189343e-04
5.200807774963323114e-04
5.444330329191871074e-04
5.461911736347246698e-04
5.486446720897220249e-04
5.224825520417652764e-04
5.069823279336560387e-04
4.927757562836631742e-04
5.099748163775075400e-04
5.569721653591841156e-04
5.329594886279664890e-04
5.785011879925150381e-04
5.180748656857758717e-04
5.402438604505732439e-04
5.011200503213331190e-04
4.840129900549072794e-04
5.057569709606468461e-04
6.060636708571109661e-04
5.071054457221180591e-04
4.685849869565572503e-04
5.285232956521213098e-04
4.640203047893009950e-04
5.723830968781839536e-04
5.511728007695637773e-04
5.828382736945058804e-04
5.434756784234196251e-04
4.649623666773550082e-04
4.504105127125512809e-04
5.411738833936397507e-04
5.308299626631197065e-04
5.120556399924680677e-04
5.646353958582040356e-04
4.925762806669808621e-04
4.955634466023184663e-04
5.066165344032924405e-04
5.241856096836272974e-04
5.566824993002228786e-04
4.682754409441258693e-04
4.990986837947275576e-04
5.685653226100839805e-04
5.117879458703101202e-04
5.091082741273567514e-04
5.104452208615839004e-04
5.331640364602208354e-04
5.184335040394216386e-04
5.241333726735319855e-04
5.364718074270058510e-04
4.613256054290104788e-04
5.078233382664620616e-04
5.583782160829286762e-04
5.403335792652796694e-04
4.535360712907277048e-04
5.212669022148474747e-04
4.838274279609322505e-04
5.282531140255741515e-04
4.577812452043872175e-04
4.835457375156692965e-04
5.891489083296619789e-04
4.715013747045304626e-04
5.492182121088262431e-04
4.543401418777648164e-04
5.294488026993349151e-04
5.580600012035575241e-04
5.089930968824774200e-04
5.210756324231624170e-04
4.737667574954685084e-04
4.880870462511666379e-04
4.765891912393271901e-04
4.437954518652986800e-04
4.707971427706070353e-04
5.010470404522493135e-04
4.905574029544368256e-04
5.249302338052075660e-04
4.610451431653927773e-04
4.452151675650384494e-04
4.898279724875465166e-04
4.831717385968659182e-04
4.996689308609347617e-04
4.499895988556090677e-04
4.604990042571443978e-04
4.708129333448596559e-04
4.980825446546078249e-04
5.263368677697144535e-04
4.966233239974826704e-04
5.005020977114326948e-04
5.036854598438367551e-04
4.540800074755680055e-04
4.651313333306461551e-04
4.835610091686248714e-04
4.921541793737560467e-04
4.941289422276895710e-04
4.298891653888858855e-04
4.497341789829078953e-04
5.001489087590015991e-04
4.975297099736053236e-04
5.132898305600974752e-04
4.582219409348909050e-04
4.997946870571467635e-04
4.898998612770810333e-04
4.941224980575497890e-04
4.371001719846390405e-04
5.253013496985659394e-04
4.642359993886202704e-04
4.563754169794265398e-04
4.355355465668253514e-04
4.614995364681817613e-04
4.733927003690041623e-04
4.368466614687349409e-04
4.752508804085664494e-04
4.579976342211011732e-04
5.190448941721115435e-04
5.017409475112799165e-04
4.425266617909073916e-04
4.458032004185952268e-04
4.356939563876949142e-04
5.205814867804292199e-04
5.089826052426360114e-04
5.312822209089062934e-04
4.557457564806100003e-04
4.593379181460477260e-04
4.719417380692902822e-04
4.558955832908395634e-04
4.749213049944955899e-04
5.785602000833023470e-04
4.842460846703034003e-04
5.131860384426545525e-04
4.953883476264309312e-04
4.773745099373627628e-04
4.115260316757485075e-04
4.373649960325565449e-04
4.771893858560360751e-04
5.327475137892179581e-04
4.666002886369824366e-04
4.731686659215483663e-04
4.378068109508603941e-04
5.124399432679637963e-04
4.749990593700203849e-04
4.320612140872981508e-04
5.119450218626298487e-04
5.261451861588284764e-04
5.699357985577080616e-04
4.372436276753433157e-04
5.045607946522068102e-04
5.092096778389532032e-04
4.910723627835978169e-04
4.732705652713775852e-04
4.278123965195845986e-04
4.317064692440908662e-04
4.729114347719587364e-04
4.550113325240090446e-04
4.403827591158915246e-04
5.236775909725111151e-04
4.627306282054632989e-04
4.524815126205794687e-04
4.758537301677279153e-04
4.134891915600746718e-04
4.433471019729040476e-04
4.767320076643954876e-04
3.969204578606877736e-04
4.608478213776834396e-04
4.532418771123047766e-04
4.578506524558179319e-04
4.823077557375654795e-04
4.108949228248093256e-04
4.482907065539620990e-04
4.574217420304194331e-04
4.419222948490641924e-04
4.294282941555138938e-04
4.693393979687243678e-04
4.298865629243664465e-04
4.346590297063812353e-04
4.061548330355435827e-04
4.520857048919424154e-04
4.536017734790220792e-04
3.773952483606990188e-04
5.221934216388035219e-04
4.438642706372775398e-04
4.767466765770222775e-04
4.545750711986329580e-04
4.361616600363049765e-04
3.922146685363259036e-04
4.170222970424219836e-04
4.331186658237129190e-04
