-1.644234511302784113e-02
-1.973099108319729608e-02
-1.997161327395588146e-02
-2.338262767065316453e-02
-2.633498230250552394e-02
-2.192079094937071301e-02
-2.340822317870333916e-02
-1.051293775904923664e-02
-2.258342398563399980e-02
-1.838081609224900478e-02
-1.823126011528074589e-02
-1.577294938731938628e-02
-1.571340250782668480e-02
-1.492349440697580618e-02
-1.817419217433780335e-02
-1.805395379196852307e-02
-1.368633901234716198e-02
-1.401379396440461354e-02
-1.964831686113029802e-02
-2.084015693748369688e-02
-2.404966421425342588e-02
-2.087619696278125020e-02
-2.497456221142783928e-02
-2.176382896024733893e-02
-1.762742764083668687e-02
-1.791624761186540182e-02
-1.935337442206218686e-02
-1.353055587038397810e-02
-1.394551323959603885e-02
-1.846447521355003285e-02
-2.199731989996507597e-02
-1.564381500473245937e-02
-1.335562568507157183e-02
-1.259640318341553183e-02
-1.991643405985087101e-02
-1.589097319170832551e-02
-1.781264279037713880e-02
-1.561699921963736332e-02
-1.875051299342885697e-02
-1.632516033481806392e-02
-1.195179470814764465e-02
-1.622764861444011414e-02
-1.537813650676980552e-02
-1.554729217663407270e-02
-1.776335725560784437e-02
-2.265536765567958272e-02
-1.500403825892135563e-02
-1.824217076878994689e-02
-1.611586938495747703e-02
-1.904525473481044270e-02
-1.694767871173098739e-02
-1.865116741042584236e-02
-2.185448061442002779e-02
-1.494684361852705555e-02
-1.930133323883637814e-02
-1.391124981455504894e-02
-1.599143771920353077e-02
-1.678438641130924197e-02
-1.754986506653949743e-02
-2.141499292105436200e-02
-1.693527918774634725e-02
-9.498567001428455739e-03
-2.023978400975465913e-02
-1.497946062590926886e-02
-1.682322347071021906e-02
-1.841919030295684906e-02
-1.394663452170789159e-02
-1.175064468989148701e-02
-1.429989251540973727e-02
-1.888404023833572740e-02
-2.020399207016453091e-02
-2.101890508783981273e-02
-1.377860559383407152e-02
-1.328151138732209732e-02
-1.587742096977308448e-02
-1.883299869019538011e-02
-1.821187385357916216e-02
-2.362306106835603686e-02
-1.872741838917136095e-02
-1.248042338760569671e-02
-1.668991677463054629e-02
-1.939298814162612045e-02
-1.173039267770946067e-02
-1.453201088123023434e-02
-1.785983136156573878e-02
-1.115147167816758073e-02
-1.534408585168421310e-02
-1.653279180056415471e-02
-1.915237215347588215e-02
-1.413685308769345277e-02
-1.820751686696894453e-02
-1.694633679464459253e-02
-1.522539303870871705e-02
-1.694437173660844412e-02
-7.986095342785120080e-03
-1.455229610437527334e-02
-1.476311372825875844e-02
-1.561013274360448060e-02
-1.763965349760837978e-02
-1.679975004401057861e-02
-1.050329110119491843e-02
-1.391854344168677940e-02
-2.047764690127223605e-02
-1.628262038109824089e-02
-9.547520393971354116e-03
-1.314388873521238517e-02
-1.920043663354590452e-02
-1.381532486062496921e-02
-1.580771828070283089e-02
-1.735870317090302747e-02
-1.664351400220766622e-02
-1.439926066435873522e-02
-1.696145702619105550e-02
-1.649487898452207599e-02
-1.538023117231205120e-02
-1.633316737134009669e-02
-1.362763381097465733e-02
-1.772175938822329044e-02
-1.727080725249834428e-02
-1.663383382372558145e-02
-1.337399854557588634e-02
-1.877721668221056517e-02
-1.806562573183327983e-02
-1.216901536565274076e-02
-1.875682441052049440e-02
-1.547677838243544102e-02
-1.138490533223375685e-02
-1.425825756974518320e-02
-1.981668452499434421e-02
-1.340611901134252520e-02
-1.802562525030225460e-02
-1.150461720302701010e-02
-1.069797184551134726e-02
-1.324219881207682262e-02
-1.488972688443027451e-02
-1.063183119054883670e-02
-1.151685073971748380e-02
-1.635127670597285102e-02
-1.344670810736715849e-02
-1.557153573725372601e-02
-1.212868669768795392e-02
-1.907937344512902061e-02
-1.360797586385160615e-02
-1.162672046106308713e-02
-1.541644774377346101e-02
-1.319270293693989432e-02
-1.547490470577031312e-02
-1.357137697516009288e-02
-1.391343670198693858e-02
-1.324983362341299736e-02
-1.627570679178461446e-02
-1.417642174288630437e-02
-1.739156318129971707e-02
-1.377175033558159997e-02
-1.329630518448539009e-02
-1.503140506101772154e-02
-1.631013563834130681e-02
-1.623926373664289630e-02
-1.083531488431617625e-02
-1.824015933787450153e-02
-1.192440110724419383e-02
-1.600080054486170342e-02
-1.992903790669515660e-02
-1.166992445592768442e-02
-1.238574550487101140e-02
-1.595185497077181852e-02
-1.343384001404047089e-02
-1.245811062399298022e-02
-1.540306380484253099e-02
-1.319413408637046779e-02
-1.484426022740080973e-02
-1.360258534550666878e-02
-1.969121605623513557e-02
-1.351613650098443080e-02
-1.502451611682772623e-02
-1.262385755777358995e-02
-1.214045017957687302e-02
-1.444003316457383342e-02
-1.307854599552229005e-02
-1.474087217822670978e-02
-1.435658348491415312e-02
-1.644878218183293966e-02
-1.306887066224590027e-02
-1.578948468901216970e-02
-1.699288008152507329e-02
-1.524500966072082561e-02
-1.327516923542134547e-02
-1.404354620026424492e-02
-1.567157332785427612e-02
-1.252059043850749752e-02
-1.517839540494605836e-02
-1.305548983509652317e-02
-1.330702849430963342e-02
-1.048107148846611457e-02
-1.432877785991877248e-02
-1.460469137644395191e-02
-9.089344365056603939e-03
-1.689966121222823831e-02
-1.644233145052566986e-02
-1.383796583395451377e-02
-1.131928902119398034e-02
-2.007352029439062047e-02
-9.843524540774523449e-03
-1.403204509988427093e-02
-1.555303813423961415e-02
-1.175324612762779046e-02
-1.467744118068367229e-02
-1.400693839881569230e-02
-1.382992572849616429e-02
-1.188859842717647497e-02
-1.651557316305115805e-02
-1.499621378025040030e-02
-1.801017721183598153e-02
-1.455143975559622035e-02
-1.498522823792882222e-02
-1.238706655567511916e-02
-1.179464050801470876e-02
-1.497777345590293324e-02
-1.362010501557961092e-02
-1.271508673205971711e-02
-2.035284380661323694e-02
-1.195303733460605089e-02
-1.130216816440224661e-02
-1.233007010305300390e-02
-1.316769701894372757e-02
-1.271295909769833143e-02
-1.188009667210280888e-02
-1.374277985189110117e-02
-1.486297575989738162e-02
-9.836491865571587653e-03
-1.291122609749436462e-02
-1.229409574880264630e-02
-1.344859859440475716e-02
-1.047524633584544056e-02
-1.497780405683443034e-02
-1.151591539382934570e-02
-1.129489419516175978e-02
-8.688169931992888173e-03
-1.397515306249260889e-02
-1.593643950065597864e-02
-8.864560436923057257e-03
-1.346278188284486498e-02
-1.087500747875310564e-02
-1.308672228362411233e-02
-1.525547284632921240e-02
-1.007001097314059665e-02
-1.542840131092816647e-02
-1.092210334725677960e-02
-1.193215110804885654e-02
-1.083647159859538016e-02
-1.461998332757502746e-02
-1.660558143630623887e-02
-8.091037306003271909e-03
-1.570140148745849742e-02
-1.253629112150520149e-02
-1.531319636618718588e-02
-1.366620563901960878e-02
-1.377970092697069007e-02
-1.054414077661931445e-02
-1.140740994596853818e-02
-1.015751198632642606e-02
-1.624926651362329846e-02
-1.348081806208938430e-02
-1.409405353711917948e-02
-1.160526881460100489e-02
-1.113028075429610929e-02
-1.434874038677662680e-02
-1.428506714175455279e-02
-1.267876198748126709e-02
-1.660035783890634678e-02
-1.277075296035036500e-02
-1.026127338409423863e-02
-1.185715403989888797e-02
-1.312914074398577151e-02
-1.304095749277621452e-02
-1.127107587642967729e-02
-1.524765003996435622e-02
-1.545406980207189931e-02
-1.313088735332712531e-02
-1.131993649527430514e-02
-1.349785790080204606e-02
-1.371887987130321514e-02
-1.469850132241845055e-02
-1.150292486650869236e-02
-2.323272129986435341e-02
-1.193773522973060573e-02
-1.373257898492738667e-02
-1.179718218045309151e-02
-1.180135451722890208e-02
-1.442992622964084197e-02
-1.596777791623026077e-02
-1.043554530013352660e-02
-8.970175231806933394e-03
-1.016637479420751285e-02
-1.533154197502881351e-02
-1.154999467078596416e-02
-1.381186922721099053e-02
-1.156919828848913291e-02
-1.044409745372831821e-02
-1.203056769678369220e-02
-1.253034772817045520e-02
-1.220931526273488950e-02
-1.153123886557295974e-02
-1.197384818457066999e-02
-1.292703524231910740e-02
-1.259130525868385961e-02
-1.308681862661614966e-02
-8.277538476977496645e-03
-1.013691208790987695e-02
-1.194118404528126190e-02
-1.148862109170295347e-02
-1.489328931318596033e-02
-1.458563281223177951e-02
-1.340280201751738870e-02
-1.296270881546661251e-02
-1.394246224546804962e-02
-9.513321414124220957e-03
-1.128066511242650435e-02
-1.542092998744919868e-02
-1.383592539932578837e-02
-1.055031574098393328e-02
-9.533899119123816907e-03
-9.954760554246605206e-03
-1.025516981491818996e-02
-9.760481428820640126e-03
-1.633409002330154028e-02
-1.312986359931528520e-02
-9.890919548925012836e-03
-1.486454074853099834e-02
-1.094462124165147474e-02
-1.386876479489728732e-02
-1.551195205654948978e-02
-8.411616818048060079e-03
-1.437176671810448149e-02
-1.237490002065897050e-02
-1.160689748125150883e-02
-1.200349804246798185e-02
-1.775234395638108226e-02
-1.064318758435547387e-02
-1.096053950721397920e-02
-1.002686817431822433e-02
-1.339507943019270855e-02
-1.222904432797804544e-02
-1.228709689108654912e-02
-1.351964974077418495e-02
-1.199055476579815108e-02
-8.645313773304224431e-03
-1.209688468370586668e-02
-1.014477531192824189e-02
-1.068619299679994528e-02
-1.593731358414515742e-02
-7.542779410723596950e-03
-1.052178347483277362e-02
-1.203331892378628303e-02
-1.494328573578968672e-02
-1.037708784919232075e-02
-1.350600608158856672e-02
-1.636996336281299619e-02
-7.882041581906378339e-03
-1.298587043420411716e-02
-1.139363895170390599e-02
-8.942965762689708900e-03
-1.079867349471896887e-02
-1.348609670065343408e-02
-1.487663173349574285e-02
-1.077972128172405113e-02
-5.709580262191593647e-03
-1.346106945653446040e-02
-1.009470777120441247e-02
-1.229472992825321812e-02
-1.434780060080811416e-02
-6.435631446074694360e-03
-1.121393369277939173e-02
-1.325008171377703610e-02
-1.040950163034722216e-02
-1.169544317293912117e-02
-9.729763981886208404e-03
-1.092936445726081646e-02
-1.394263099646195735e-02
-1.130001410609111218e-02
-1.282599790021777229e-02
-1.125235948944464277e-02
-1.128492231247946696e-02
-1.267080628778785405e-02
-1.001396068371832385e-02
-1.135230504674836910e-02
-1.245952554629184243e-02
-1.135885671013966286e-02
-9.860164357814938524e-03
-1.158402343280613353e-02
-1.284161648945882951e-02
-1.162441311287693707e-02
-1.001300125615671270e-02
-1.148205936420708916e-02
-1.286387091735377922e-02
-1.445839510997757281e-02
-1.390360257122665727e-02
-7.405806124443188414e-03
-1.678264942253008402e-02
-9.303544242866336814e-03
-1.265136023517698070e-02
-1.026949174469336812e-02
-1.071267019258812132e-02
-1.073636536835692774e-02
-9.428670848719775122e-03
-1.390403068857267582e-02
-9.238288342021405003e-03
-1.014592407271265942e-02
-1.106917426921427174e-02
-9.754510559141636727e-03
-1.013159639667719596e-02
-8.817026792094111165e-03
-1.223642856813967304e-02
-7.884421504568308106e-03
-1.295059594674967222e-02
-1.047129875863902354e-02
-1.044164925813674885e-02
-1.354736389126628623e-02
-7.555050664814188729e-03
-1.026265495631378116e-02
-1.207572455401532269e-02
-1.388899281271733371e-02
-1.165803521405905409e-02
-1.222365183872170698e-02
-1.257836312288418412e-02
-9.070050921291112483e-03
-1.260185787919908783e-02
-1.154511300148442464e-02
-1.018818764714524150e-02
-1.323649178142659311e-02
-1.001226123538799528e-02
-1.016128313262015630e-02
-1.071982810390181839e-02
-1.149365275865420720e-02
-8.294778091367334752e-03
-1.069453706964850447e-02
-1.062927147722803056e-02
-8.166609096806496867e-03
-1.343776627676561419e-02
-9.685838149162009567e-03
-1.115754861850291532e-02
-1.095400344114750603e-02
-6.121335153002291710e-03
-1.231189243961125675e-02
-9.736036217072979379e-03
-1.001658444060012781e-02
-1.093859478540252887e-02
-8.519275332801043432e-03
-1.098492412129417097e-02
-1.268913017469458331e-02
-9.044301640242337695e-03
-1.046330265933647675e-02
-9.057554894825443556e-03
-1.274682784103788394e-02
-1.141420866129919803e-02
-1.009552695788443026e-02
-9.404422990046441486e-03
-1.139947691699489882e-02
-8.488621129654348035e-03
-1.111117741325870142e-02
-1.032303554937243420e-02
-1.205738110118545654e-02
-9.865180598571896345e-03
-7.859889147803188203e-03
-1.168128460412845050e-02
-1.105849222280085031e-02
-1.196106472052633693e-02
-1.282909011002630016e-02
-7.561268177814781458e-03
-1.023728723404928979e-02
-8.923568201716990111e-03
-8.879205679986625424e-03
-1.051634038798511007e-02
-7.527438325341790845e-03
-1.073231692425906728e-02
-1.347569575067609528e-02
-8.484354575630277326e-03
-1.020639631897211040e-02
-6.976550074759870802e-03
-1.306767842965200592e-02
-9.181609119987116027e-03
-9.056523221079259417e-03
-7.519223771523684575e-03
-1.134925883961841395e-02
-8.999825285281986761e-03
-7.126009904313832140e-03
-8.921265155076980174e-03
-1.499554543988779187e-02
-1.184294495033100247e-02
-7.372154623735696459e-03
-9.603909219149499646e-03
-1.070355033501982703e-02
-9.823612800100817860e-03
-8.913623277330771921e-03
-8.336954006226733258e-03
-7.688191991765052496e-03
-1.328477151924744269e-02
-1.447226963588036514e-02
-7.166766831651330029e-03
-1.141552685992792276e-02
-8.769361727172509530e-03
-1.154159812605939743e-02
-5.206539898645132745e-03
-1.000238951994106111e-02
-9.818342280341311665e-03
-1.024540802347473877e-02
-7.417738146614283323e-03
-1.051252953475341131e-02
-1.020814040442928616e-02
-9.348476600134745379e-03
-9.038530045654625394e-03
-1.084586578654125368e-02
-1.076452866545878420e-02
-7.000431304331869269e-03
-8.057502313749864004e-03
-8.499661178211681892e-03
-1.037483115214854479e-02
-7.080988237867132107e-03
-1.144202255876734797e-02
-7.365105936769395824e-03
-1.230832606786862009e-02
-1.020788463880308028e-02
-1.113906254526227796e-02
-9.032635705079884031e-03
-1.202878850162960624e-02
-1.044079893268644831e-02
-1.048841615673154655e-02
-4.164361662697046648e-03
-9.441416105255484234e-03
-1.060872853035107338e-02
-8.354675796581431668e-03
-7.640552187804132596e-03
-9.708553787786513081e-03
-8.864132617600262859e-03
-1.193937215255573385e-02
-6.529305865988135373e-03
-1.055991955625358927e-02
-1.201349282637238433e-02
-1.141568394494242925e-02
-1.188651211210526443e-02
-1.071287377970293192e-02
-6.781643274007364934e-03
-1.016201302642002688e-02
-9.466973221860826640e-03
-8.947927888948470007e-03
-9.172142238821835020e-03
-1.455666275112889665e-02
-1.001770017435774270e-02
-1.005005727987736547e-02
-1.114869327982887653e-02
-9.530861501116306284e-03
-1.243557704030536122e-02
-8.118592558894306699e-03
-1.041857713600620634e-02
-1.086966030066832851e-02
-9.956390182487666329e-03
-9.561978164128959179e-03
-9.910049699246883254e-03
-8.762155813165008189e-03
-9.232456751633436043e-03
-9.087624226231128324e-03
-1.033571101259440211e-02
-1.014295417116954992e-02
-9.217475648038089484e-03
-1.043212453834712478e-02
-9.124151670839637795e-03
-1.077940806339029202e-02
-8.276547559071333049e-03
-8.571822580415755163e-03
-1.215393025660887333e-02
-8.767097317613660803e-03
-1.139030653750523932e-02
-6.968803702620789652e-03
-1.136705438373610336e-02
-9.615933152381329896e-03
-8.914179853163659017e-03
-9.549412308260799009e-03
-1.197651033522561213e-02
-9.716902856016531448e-03
-9.881418823497370441e-03
-9.016199635807424853e-03
-8.796309570316225221e-03
-8.258683723397552967e-03
-1.044450763612985583e-02
-8.777359616942703724e-03
-1.054241607431322288e-02
-1.051450888626277377e-02
-8.717349986545741905e-03
-1.139245182392187479e-02
-1.251293074223212842e-02
-7.229573584627359967e-03
-8.470679689198732862e-03
-9.096076117129996488e-03
-1.013013032497838209e-02
-6.907443129457533325e-03
-1.111146153823938144e-02
-9.790793496649711700e-03
-7.109293550020084201e-03
-1.075875020585954217e-02
-1.150958751561120125e-02
-1.408322396920993862e-02
-8.494184595765546381e-03
-6.468421993777156292e-03
-8.487030487740411869e-03
-9.774094318272546003e-03
-1.014483697712421396e-02
-8.952145797666162183e-03
-1.028474512510001680e-02
-8.995505200000480581e-03
-9.003083853749559162e-03
-9.721852685324848531e-03
-1.183488367591053331e-02
-1.045601387973874724e-02
-6.889325784286483810e-03
-1.095430751680396414e-02
-6.902378579834476252e-03
-1.066773527185432661e-02
-9.454005380393936536e-03
-8.884979428257793257e-03
-9.787063093390314938e-03
-8.889403024222702551e-03
-5.935122763621620938e-03
-9.358904995024204879e-03
-1.197176578687503962e-02
-1.148825833108276136e-02
-7.441318819765001258e-03
-7.163050082745030245e-03
-9.833249996881931673e-03
-1.056730397744104315e-02
-6.540975403040647819e-03
-7.675663483096287036e-03
-1.062158352113328798e-02
-9.539487590081989488e-03
-9.701921471860259702e-03
-9.864662513136864333e-03
-9.679501315113157867e-03
-1.073283845209516661e-02
-9.359394424827770231e-03
-9.591216049157082549e-03
-1.164234346244484228e-02
-1.083140354370698381e-02
-9.023216024506836366e-03
-1.137427240959368660e-02
-1.115478630643338027e-02
-7.174707762897014444e-03
-1.212742752861231503e-02
-7.806207791436464011e-03
-9.074063622392714024e-03
-9.864501352421940067e-03
-1.100773321930319064e-02
-1.375795250351075083e-02
-1.072961574187502286e-02
-9.513194563332945386e-03
-8.147656272631137800e-03
-7.525202566757798611e-03
-1.134607629152014838e-02
-6.378945079632103443e-03
-1.207080344203859644e-02
-8.115023900754749289e-03
-9.019818484666757008e-03
-1.008680511498823845e-02
-1.041826564120128772e-02
-1.058474903460591976e-02
-9.348653345368803172e-03
-7.704241704195737873e-03
-8.223477720748632522e-03
-7.930710513610392601e-03
-7.072413760470226338e-03
-1.153498866129666622e-02
-1.083261551102623378e-02
-7.474710983224212846e-03
-8.082974827848374635e-03
-8.518686010502278874e-03
-9.308727534953504384e-03
-9.308712502242997427e-03
-9.686711340909823567e-03
-7.453478922834619845e-03
-9.103263891302049854e-03
-9.844258814118801715e-03
-9.533875786000862301e-03
-8.472956415498628796e-03
-9.018301151227205506e-03
-9.005310044158250718e-03
-9.821867318823934018e-03
-9.080495613161473911e-03
-8.940147646935656806e-03
-8.096900383243336996e-03
-7.908829855732619346e-03
-7.908448018133640636e-03
-1.240763322683051222e-02
-9.917887974879704971e-03
-8.145620204741134754e-03
-1.578175936359912240e-02
-9.398768192622810116e-03
-7.735853226040490145e-03
-9.315065958071499716e-03
-8.344611148349940014e-03
-1.058742973953485413e-02
-9.535325350007041456e-03
-7.009950093924998890e-03
-1.065392975229769931e-02
-1.091611902462318560e-02
-9.378130391705780805e-03
-8.223576666787267564e-03
-9.039947880664840965e-03
-1.280567996436729993e-02
-6.969291210407391017e-03
-7.259650930063798850e-03
-8.429603406693787077e-03
-9.983193231746553820e-03
-6.490849452093243842e-03
-7.332306109601631830e-03
-4.859651293372735381e-03
-7.868433849653229048e-03
-8.864687501918523671e-03
-8.199894924182445088e-03
-6.836400255560874835e-03
-9.907157801790163545e-03
-9.539180708816274307e-03
-7.569737238809466119e-03
-7.842733318684623131e-03
-9.005168639123439095e-03
-8.912749171722680538e-03
-7.696677860803901976e-03
-1.026506716385483693e-02
-8.052843487821519791e-03
-6.916373739950358764e-03
-8.858514011371880492e-03
-8.085846167523414244e-03
-1.147695454536005848e-02
-1.128742985310964356e-02
-7.479009382659568966e-03
-5.959636139450595095e-03
-8.813358760671690870e-03
-6.789373067440465127e-03
-8.341797381872311304e-03
-1.137088971678167602e-02
-9.170603834791108896e-03
-1.196488144225440857e-02
-9.459640053100883128e-03
-8.085225622635335355e-03
-8.043171218596399663e-03
-9.426031634211540569e-03
-1.002104788785800407e-02
-7.784425197169184824e-03
-1.165584359667263918e-02
-9.683909182203933458e-03
-1.049116869922727367e-02
-7.562475004233419965e-03
-1.026754841557703940e-02
-9.935633598361163707e-03
-8.091238639317453740e-03
-8.841565148904918792e-03
-5.425835913047194654e-03
-5.590042930562049220e-03
-8.114623413421213557e-03
-9.470120393671095996e-03
-1.043274011462926899e-02
-9.130072076804935169e-03
-1.082525478443130927e-02
-6.579981213435530905e-03
-9.288233623374253164e-03
-8.661772315390408108e-03
-5.838205151958391140e-03
-8.679113136604427875e-03
-8.258709451183676720e-03
-8.082421410363168149e-03
-5.658094370737672130e-03
-8.092969944700599202e-03
-8.042086022906005591e-03
-7.250936983618885487e-03
-1.042549409554340001e-02
-7.347876944113523184e-03
-8.284928833600133796e-03
-9.084175678435713747e-03
-9.596363368909805597e-03
-8.225383807439357736e-03
-1.127896324265748214e-02
-9.725165506824850342e-03
-9.815971804782748847e-03
-7.189323948696255302e-03
-8.547856792574748397e-03
-8.325821305625140389e-03
-8.084671377437189013e-03
-6.835008682683110619e-03
-6.536970706656574856e-03
-8.356011616997420163e-03
-9.109706608578562945e-03
-9.893727246671915262e-03
-9.750610368791967283e-03
-1.037223273655399694e-02
-9.145463462918996048e-03
-1.083282276522368193e-02
-1.085557419224642169e-02
-6.076545983087271348e-03
-1.103274628752842594e-02
-1.101342086913064192e-02
-7.434821715578437094e-03
-6.973349468316882883e-03
-1.052711543394252609e-02
-8.506114562042057375e-03
-7.283700300613418430e-03
-6.336720148101449186e-03
-1.112456656526774126e-02
-5.989521730225533074e-03
-1.219207996502518626e-02
-8.763982503442093591e-03
-5.019679142860695477e-03
-1.099082204862497809e-02
-9.812273357529193579e-03
-5.293500076513737648e-03
-7.599993705516680867e-03
-6.723703147144988179e-03
-8.240815004101023633e-03
-6.064513626042753770e-03
-8.303522996138781517e-03
-7.936160138342529535e-03
-8.041663637850433172e-03
-8.727301688631996721e-03
-7.413771314313635438e-03
-9.853901957394555974e-03
-9.269631992792711286e-03
-1.043516820529475850e-02
-1.071346688782796180e-02
-7.509020892903208767e-03
-7.121534571051597179e-03
-7.644175618188455736e-03
-8.739514311309903513e-03
-7.839408433064819215e-03
-8.490109861595556209e-03
-8.403230102267116031e-03
-8.811012825462967088e-03
-5.065893258433789258e-03
-8.249456128105521480e-03
-1.352675276808440637e-02
-5.808715107850730835e-03
-8.833012875402345560e-03
-8.405105911660938969e-03
-6.405114160152151903e-03
-6.994225262897089263e-03
-7.461714344099163593e-03
-1.035755526390857995e-02
-1.058033186243846971e-02
-7.553580652456730847e-03
-8.756131359841674150e-03
-8.048041230067611365e-03
-8.332154439995066025e-03
-7.873884105356410493e-03
-8.423261558637023388e-03
-6.093821027316152945e-03
-8.197588860057294924e-03
-9.189938418567180842e-03
-6.619728713994845956e-03
-1.106264711241237812e-02
-5.862018753541633695e-03
-1.354993471060879535e-02
-5.303508834913372993e-03
-1.060797619866207277e-02
-8.429121628869324159e-03
-8.745948451105505297e-03
-7.018271288834512268e-03
-7.729726184625178992e-03
-8.661801618291064403e-03
-9.252045564353465409e-03
-7.901869835332036782e-03
-7.723930626525543630e-03
-9.868811209453270603e-03
-7.588077534455806364e-03
-5.753653653664514075e-03
-6.868860623799264049e-03
-8.437498193234204552e-03
-7.388110221363604346e-03
-8.308669710531830718e-03
-8.634228748269379486e-03
-9.726784637896343857e-03
-5.987277205567806751e-03
-7.594678672030568019e-03
-1.321307704318314818e-02
-8.069377045030705700e-03
-6.605052851373329620e-03
-9.587453578133136103e-03
-8.557048576185478928e-03
-7.059157413896173343e-03
-6.233514990890398275e-03
-8.917455039918422213e-03
-6.468688914319500535e-03
-7.514077941887080565e-03
-5.483642220497131348e-03
-8.674443624913692405e-03
-8.913242632988840203e-03
-6.698451167903840368e-03
-8.846848680404946833e-03
-8.963448998983949978e-03
-1.006374024320393773e-02
-7.580261058174073661e-03
-6.801324931439011942e-03
-8.934454836416989149e-03
-9.700155649334192554e-03
-9.841862767934798917e-03
-8.783633481943980276e-03
-5.637623243965208739e-03
-1.037026162957772543e-02
-8.580685267224908222e-03
-8.953054507728666622e-03
-5.344144138507545168e-03
-6.508701990824193075e-03
-8.120242592412977786e-03
-8.691013308707624604e-03
-8.539737092796713391e-03
-4.717969538178295140e-03
-6.544134146533906599e-03
-8.628697176463901927e-03
-7.622955130063929080e-03
-7.005004673264920816e-03
-6.706629390828311096e-03
-7.128704744391142940e-03
-6.583328157430515075e-03
-1.024856437928974712e-02
-6.490612130146473230e-03
-6.703754831105471039e-03
-7.139903135830536450e-03
-6.849825871177018036e-03
-7.244980463292449366e-03
-8.584093570243566881e-03
-5.162362281698733985e-03
-1.039832000969909132e-02
-9.091904528904706101e-03
-7.046289760619401515e-03
-7.645095047773792923e-03
-9.204541865037753345e-03
-9.328920757398009855e-03
-6.943648188025690685e-03
-8.313367213122545979e-03
-7.571107253897935326e-03
-6.225340247619897023e-03
-7.042383569059893107e-03
-7.447228864766657769e-03
-7.991195099893957238e-03
-7.101189824752509282e-03
-7.517030425369739498e-03
-7.007950098486617069e-03
-8.687354102730750552e-03
-9.229827518574894307e-03
-5.328337517566978689e-03
-9.860227378085254998e-03
-9.444629874196834238e-03
-6.513160511385649581e-03
-8.369445526041090558e-03
-6.582084599649533352e-03
-6.277828838210553104e-03
-9.977959512034430267e-03
-7.523325192742049729e-03
-4.939960831543430651e-03
-9.424869987415150294e-03
-4.380310300039127330e-03
-8.984486713306977582e-03
-7.562052339781075334e-03
-9.429426435381173255e-03
-7.302269877400248931e-03
-6.642499924637377574e-03
-7.185853746486827939e-03
-1.029802709585055792e-02
-9.288233809638769128e-03
-8.829766495618968786e-03
-9.869670160114765722e-03
-8.459741375409066469e-03
-9.072074966970830948e-03
-6.750881774351001098e-03
-1.099926416296511875e-02
-3.079311298206448624e-03
-7.199385697022080664e-03
-5.439253915683366601e-03
-8.054778545629233052e-03
-8.370650927536188793e-03
-8.751897709444164675e-03
-4.817129892762750734e-03
-8.501520202262326936e-03
-9.060893026180565080e-03
-8.587286360561847270e-03
-7.484710612334311182e-03
-6.996790010016411439e-03
-9.087936842115595590e-03
-8.906222940422594062e-03
-6.317976744612679128e-03
-8.071848386898637651e-03
-8.056697772699407747e-03
-1.057577744708396508e-02
-8.350001624785363327e-03
-8.186925163026898683e-03
-8.587173375999554437e-03
-8.176318354671821553e-03
-1.069779283949173938e-02
-9.309883974492550590e-03
-5.460616337368265003e-03
-5.033659803448244791e-03
-9.581584146944805910e-03
-8.990005945088341485e-03
-4.212412248598411402e-03
-1.147394558996893410e-02
-5.868909495184197744e-03
