6.082829517126083774e-01
6.082870799303055076e-01
6.059465104341507091e-01
6.073172634840011685e-01
6.087559300661087303e-01
6.078068828582763317e-01
6.043474256992340532e-01
6.079742252826690896e-01
6.122449254989623668e-01
6.105795764923095392e-01
6.111385989189147550e-01
6.102027225494385254e-01
6.130934965610503884e-01
6.135439443588256436e-01
6.060632729530334162e-01
6.110684603452682939e-01
6.044938588142394487e-01
6.111936390399932417e-01
6.165690869092941284e-01
6.142115491628646895e-01
6.078895765542984275e-01
6.084379470348357799e-01
6.062553834915160866e-01
6.069219976663589033e-01
6.079708558320998657e-01
6.119958227872848155e-01
6.119815683364868697e-01
6.060062855482101218e-01
6.124485009908675615e-01
6.084935337305068526e-01
6.100339686870575040e-01
6.137843811511993763e-01
6.079936349391936723e-01
6.065193063020706266e-01
6.127266985177993730e-01
6.145711576938629461e-01
6.103750061988830744e-01
6.102571588754653886e-01
6.157835698127747115e-01
6.099075645208358321e-01
6.163344645500182795e-01
6.127434444427489746e-01
6.112899303436278853e-01
6.103866076469421920e-01
6.084988868236541615e-01
6.131636828184128252e-01
6.129159981012344272e-01
6.068859505653381170e-01
6.127359575033187733e-01
6.110301989316940796e-01
6.065592390298842895e-01
6.092945861816406738e-01
6.089416062831878307e-01
6.093741220235824319e-01
6.055789732933044567e-01
6.123593676090240967e-01
6.147424077987670987e-01
6.069046175479888561e-01
6.133478379249572843e-01
6.074699860811233476e-01
6.132945513725280851e-01
6.133587479591369185e-01
6.105175119638442949e-01
6.099228894710541082e-01
6.134924352169036643e-01
6.120010566711425737e-01
6.120532256364822343e-01
6.143476355075836448e-01
6.149734282493590776e-01
6.108012789487838878e-01
6.132518374919890825e-01
6.130398213863372803e-01
6.086529493331909180e-01
6.111789387464523493e-01
6.109925961494445668e-01
6.125175011157989458e-01
6.143489414453506825e-01
6.133421868085860984e-01
6.128530752658843950e-01
6.157849639654159324e-01
6.137117415666579756e-01
6.129799520969391180e-01
6.131794369220733287e-01
6.140252500772476196e-01
6.103615093231201660e-01
6.128644335269928245e-01
6.129413717985152665e-01
6.130070614814758789e-01
6.126055544614792403e-01
6.100203424692154375e-01
6.123596197366714122e-01
6.124352931976317915e-01
6.132763957977295233e-01
6.150871920585632147e-01
6.161840498447418435e-01
6.139654338359832320e-01
6.123261111974716009e-01
6.151326459646224709e-01
6.151390159130096791e-01
6.142531621456146507e-01
6.173978340625763117e-01
6.131492537260055942e-01
6.127777320146560180e-01
6.160301125049590931e-01
6.125474154949188677e-01
6.158732676506042392e-01
6.111372596025467230e-01
6.126338416337966386e-01
6.151677423715591342e-01
6.151730084419250177e-01
6.126797997951507480e-01
6.153231966495513738e-01
6.095284020900726407e-01
6.161689233779906738e-01
6.144212573766708596e-01
6.157196682691573608e-01
6.144170504808426081e-01
6.142608624696731523e-01
6.126981192827224421e-01
6.176387166976928800e-01
6.179083615541458574e-01
6.180330437421798218e-01
6.139780378341674894e-01
6.141718775033950806e-01
6.144462072849273815e-01
6.150912374258041826e-01
6.111898410320282249e-01
6.132478922605514304e-01
6.157616406679153886e-01
6.161211490631103294e-01
6.115983176231384322e-01
6.177416610717773038e-01
6.175423884391784135e-01
6.187537199258804632e-01
6.114247214794158447e-01
6.148367708921432806e-01
6.115669077634811046e-01
6.123335891962051747e-01
6.112291288375854004e-01
6.133621889352798284e-01
6.113670229911803977e-01
6.142106336355209750e-01
6.132048958539962902e-01
6.157480025291443004e-01
6.153767043352127430e-01
6.142145842313766479e-01
6.134383374452591076e-01
6.156124597787857589e-01
6.186767703294754339e-01
6.120102810859679998e-01
6.172489577531814486e-01
6.147242701053619029e-01
6.166290217638015214e-01
6.147485935688018488e-01
6.164991641044617054e-01
6.141748601198195878e-01
6.108511775732040627e-01
6.152774661779403242e-01
6.162803053855896440e-01
6.159988927841186790e-01
6.141963589191437034e-01
6.130954903364181918e-01
6.130068528652191651e-01
6.135866147279739335e-01
6.131793457269668624e-01
6.115886890888213578e-01
6.160827320814132868e-01
6.122960424423218306e-01
6.122030884027480635e-01
6.086574816703795854e-01
6.160616928339004428e-01
6.149936294555664595e-01
6.145245325565338312e-01
6.183014076948165627e-01
6.187871444225311324e-01
6.159296131134033292e-01
6.182608133554459151e-01
6.156313705444336204e-01
6.180248194932937977e-01
6.171432828903198331e-01
6.163240295648574341e-01
6.120822423696518078e-01
6.173624908924102428e-01
6.156881302595138550e-01
6.149328976869583574e-01
6.071860748529434026e-01
6.130794072151184437e-01
6.145830839872360452e-01
6.175177550315856800e-01
6.126158940792083563e-01
6.160933446884154785e-01
6.147514992952346491e-01
6.162842041254044112e-01
6.129776269197464433e-01
6.163824993371963545e-01
6.151714658737182928e-01
6.184492176771163585e-01
6.101076406240463212e-01
6.193983399868011608e-01
6.162370097637176469e-01
6.152133208513259621e-01
6.167561346292496083e-01
6.161299484968185691e-01
6.132464820146560358e-01
6.176832181215285988e-01
6.136639755964279352e-01
6.182757669687271029e-01
6.173449808359146029e-01
6.166984176635742498e-01
6.150370198488235296e-01
6.167042738199234320e-01
6.168318736553192183e-01
6.102338820695877297e-01
6.127104610204696655e-01
6.172367554903029907e-01
6.172716480493545266e-01
6.190271043777465509e-01
6.186279177665710005e-01
6.147989344596862527e-01
6.130961579084396318e-01
6.147388958930969372e-01
6.147356027364730968e-01
6.162530279159545987e-01
6.190946984291076927e-01
6.140804225206375477e-01
6.114534664154053223e-01
6.152470058202743619e-01
6.201738649606705067e-01
6.143419146537780762e-01
6.147871243953705322e-01
6.153485709428787587e-01
6.149595803022385176e-01
6.166114109754562422e-01
6.190386557579040661e-01
6.181321483850479304e-01
6.144154155254364369e-01
6.158385336399078147e-01
6.157969355583190474e-01
6.154662674665450917e-01
6.194678676128387851e-01
6.157758224010467796e-01
6.131974571943282770e-01
6.141404747962951882e-01
6.183461117744445401e-01
6.144322842359543069e-01
6.212696027755737482e-01
6.162813091278076527e-01
6.154929584264755560e-01
6.181214737892151145e-01
6.166086184978485374e-01
6.159663671255111161e-01
6.147672218084335727e-01
6.189702636003494574e-01
6.158239614963531006e-01
6.124546706676483598e-01
6.205154693126678778e-01
6.151542359590530529e-01
6.146606463193893255e-01
6.166488510370254916e-01
6.221071314811706943e-01
6.171006101369858055e-01
6.174018353223800215e-01
6.154780530929565563e-01
6.129646539688110574e-01
6.138080054521560802e-01
6.207475030422210382e-01
6.158650064468383922e-01
6.213464641571044833e-01
6.177134561538696333e-01
6.170643097162247237e-01
6.173861145973205122e-01
6.171417891979217307e-01
6.199092638492583740e-01
6.163945031166077060e-01
6.181617319583893044e-01
6.175112622976303145e-01
6.173026227951049494e-01
6.204765552282333063e-01
6.193712550401687666e-01
6.134641927480697365e-01
6.154527121782302768e-01
6.170168989896773759e-01
6.199591267108917059e-01
6.182726901769638461e-01
6.161169052124023660e-01
6.134760242700576516e-01
6.132400166988373202e-01
6.163574051856994807e-01
6.165911710262298451e-01
6.170255661010741743e-01
6.145142614841461182e-01
6.174076718091964233e-01
6.173064166307449252e-01
6.184495067596436080e-01
6.158161205053329645e-01
6.228320711851119684e-01
6.153194731473923262e-01
6.176037305593490290e-01
6.161871582269669023e-01
6.164481729269027932e-01
6.194310903549193892e-01
6.137533754110335860e-01
6.211149215698241743e-01
6.166101461648940685e-01
6.169215196371078402e-01
6.177218246459961204e-01
6.184921342134476197e-01
6.160712778568268044e-01
6.175685644149779829e-01
6.176579773426056352e-01
6.196232825517654641e-01
6.180887287855147960e-01
6.152807390689849498e-01
6.186280953884124578e-01
6.202585655450820745e-01
6.193613803386688321e-01
6.192749625444412542e-01
6.189144319295882823e-01
6.179948413372039484e-01
6.197502243518829834e-01
6.156861174106598167e-01
6.164508014917373657e-01
6.204030007123947366e-01
6.193243563175201416e-01
6.144526529312134278e-01
6.177711224555969549e-01
6.172212791442871493e-01
6.165946656465530751e-01
6.201205730438232866e-01
6.220789957046508611e-01
6.164474207162856656e-01
6.209324634075165106e-01
6.200652140378951627e-01
6.165794497728347423e-01
6.146899807453155562e-01
6.191285365819930719e-01
6.202741158008575617e-01
6.150503772497176724e-01
6.220252901315689309e-01
6.207000172138213978e-01
6.186809533834457531e-01
6.126877582073211315e-01
6.191815614700317827e-01
6.166427987813949407e-01
6.194273477792739957e-01
6.147419196367264194e-01
6.157786548137664795e-01
6.213174676895141246e-01
6.178943908214569181e-01
6.171200388669967341e-01
6.211181282997131348e-01
6.217059075832367387e-01
6.171964621543883922e-01
6.181616741418838323e-01
6.188567537069320501e-01
6.191825568675994873e-01
6.191117399930954335e-01
6.175935697555542392e-01
6.178765654563903587e-01
6.178428709506988969e-01
6.204852360486984297e-01
6.148981761932372780e-01
6.183830916881560835e-01
6.195678716897964344e-01
6.168966132402420310e-01
6.205748969316482455e-01
6.176614856719970792e-01
6.190035688877105757e-01
6.190281993150711370e-01
6.164005178213119995e-01
6.176468265056610507e-01
6.194007951021194280e-01
6.180185174942016690e-01
6.158924549818038940e-01
6.173124629259109097e-01
6.134866654872894731e-01
6.174326503276824640e-01
6.242971777915954368e-01
6.195851916074752719e-01
6.209550368785857755e-01
6.160974472761153731e-01
6.160107630491257202e-01
6.163775718212127774e-01
6.198674827814102395e-01
6.149597316980361938e-01
6.185857129096984375e-01
6.188961261510849132e-01
6.178522026538848522e-01
6.200113195180892989e-01
6.174063682556152344e-01
6.206294059753417747e-01
6.226727175712585272e-01
6.178171741962432684e-01
6.179627388715743797e-01
6.149280369281768799e-01
6.172050154209136608e-01
6.165718704462050948e-01
6.198091816902160378e-01
6.172296607494354159e-01
6.192568606138229015e-01
6.186423081159592163e-01
6.192800360918044866e-01
6.162375259399414107e-01
6.174473315477371216e-01
6.204117810726166304e-01
6.145908474922180398e-01
6.170415514707565663e-01
6.179624444246292203e-01
6.214516067504882724e-01
6.227304458618163618e-01
6.162506198883056507e-01
6.201257061958312944e-01
6.200342363119125677e-01
6.160501646995544256e-01
6.180079114437103671e-01
6.196400588750838878e-01
6.170166248083114313e-01
6.205983746051788597e-01
6.199232757091521773e-01
6.187490659952163963e-01
6.179838240146636741e-01
6.181886970996857134e-01
6.187852740287780318e-01
6.174931436777114646e-01
6.176548331975937334e-01
6.215446335077285944e-01
6.191361802816390814e-01
6.204162520170212192e-01
6.199976408481597812e-01
6.213277155160903398e-01
6.206131303310393754e-01
6.165881955623626620e-01
6.167583376169204490e-01
6.168307334184646162e-01
6.217594558000564264e-01
6.178699862957001132e-01
6.206394857168198165e-01
6.190385973453521595e-01
6.165390712022781328e-01
6.176100391149520474e-01
6.190345007181167203e-01
6.158415848016738359e-01
6.174780297279357510e-01
6.169310879707335937e-01
6.217648047208785833e-01
6.212603741884231701e-01
6.153550058603286521e-01
6.199439275264739813e-01
6.188892459869385076e-01
6.166322433948516757e-01
6.187811297178268388e-01
6.145721131563186557e-01
6.199933826923370583e-01
6.182999205589294611e-01
6.166216057538985718e-01
6.189811289310455100e-01
6.184303814172744662e-01
6.187428456544875610e-01
6.185691988468170477e-01
6.234239840507507235e-01
6.194441002607345981e-01
6.189928299188613980e-01
6.210728549957275080e-01
6.201273405551910312e-01
6.155716228485107466e-01
6.177276062965393333e-01
6.169095170497894687e-01
6.157046473026275279e-01
6.197122186422348022e-01
6.197230428457259910e-01
6.210173767805099443e-01
6.194287705421447354e-01
6.160892224311829146e-01
6.214048618078231723e-01
6.193151175975799561e-01
6.207355892658233953e-01
6.196541047096252308e-01
6.207238078117370828e-01
6.181550776958465443e-01
6.172993999719619262e-01
6.199704468250274436e-01
6.126340484619140492e-01
6.197770106792449551e-01
6.185796684026718673e-01
6.218560707569121826e-01
6.204287779331206787e-01
6.217807346582412409e-01
6.204414904117584451e-01
6.218703883886337325e-01
6.176929348707198564e-01
6.196497207880020675e-01
6.195739078521728116e-01
6.197338968515395674e-01
6.204928982257843506e-01
6.185447072982788175e-01
6.199275112152099476e-01
6.186082297563553212e-01
6.120852029323577970e-01
6.200741988420486184e-01
6.191609698534011885e-01
6.191048055887222734e-01
6.164168095588684615e-01
6.170240122079849732e-01
6.160237479209900169e-01
6.169683009386062178e-01
6.204497998952865911e-01
6.174612647294998036e-01
6.176625794172286854e-01
6.164259535074233520e-01
6.207593917846679910e-01
6.209674298763274702e-01
6.197198450565337691e-01
6.216486358642577814e-01
6.192323797941208241e-01
6.193267548084259166e-01
6.204808372259139615e-01
6.220746833086013838e-01
6.219936662912368686e-01
6.196710544824600708e-01
6.192155665159225775e-01
6.217702716588974221e-01
6.216724419593810946e-01
6.229732954502105180e-01
6.193281549215317039e-01
6.228852671384811357e-01
6.215006583929061357e-01
6.226230680942534956e-01
6.204595339298247803e-01
6.193603825569152788e-01
6.205116456747055143e-01
6.217888242006301969e-01
6.220334899425506991e-01
6.172380614280700284e-01
6.190754920244216919e-01
6.193072879314422963e-01
6.168502616882324263e-01
6.227176380157470881e-01
6.180531328916549771e-01
6.188921326398849621e-01
6.206260752677917880e-01
6.181696325540542158e-01
6.180494272708892955e-01
6.228919070959091364e-01
6.185153818130493253e-01
6.187720406055450262e-01
6.188962781429290239e-01
6.150294196605682329e-01
6.224714660644531383e-01
6.214839452505112050e-01
6.174320459365845171e-01
6.204037356376648216e-01
6.184834372997284335e-01
6.163466447591781083e-01
6.195173829793929610e-01
6.173676729202270952e-01
6.184753519296646296e-01
6.153700512647628518e-01
6.156987166404723766e-01
6.180905014276504295e-01
6.184038728475570457e-01
6.219451236724853338e-01
6.163239127397537320e-01
6.166890466213226230e-01
6.172730970382690474e-01
6.194264411926269087e-01
6.226743841171265004e-01
6.201674503087997170e-01
6.188515043258666637e-01
6.189515817165375244e-01
6.232087612152099609e-01
6.200827819108962746e-01
6.227430146932602106e-01
6.220401930809020818e-01
6.200105148553848311e-01
6.196289271116256492e-01
6.182570827007293213e-01
6.218759983777999434e-01
6.207677358388901112e-01
6.191509306430816872e-01
6.189355456829070956e-01
6.218055784702301025e-01
6.201395386457443371e-01
6.178271913528442516e-01
6.194710546731948542e-01
6.213045066595077603e-01
6.183026945590972545e-01
6.219805902242661055e-01
6.205695360898971780e-01
6.204974585771561024e-01
6.192213886976242199e-01
6.190865874290466531e-01
6.172707265615463568e-01
6.171095854043960882e-01
6.211371421813964844e-01
6.189146202802657815e-01
6.200848406553268743e-01
6.205502218008041027e-01
6.194840520620346069e-01
6.221295291185379162e-01
6.140052467584610207e-01
6.194107848405837613e-01
6.223049879074096236e-01
6.195855385065078824e-01
6.179585146903991966e-01
6.191586643457412942e-01
6.169853812456130848e-01
6.161695194244384277e-01
6.207768499851227251e-01
6.215988224744797286e-01
6.209265941381454379e-01
6.190584963560104015e-01
6.181184506416320668e-01
6.211081987619400113e-01
6.198417574167252031e-01
6.212822324037552413e-01
6.200914245843887063e-01
6.240563052892684759e-01
6.210880994796752486e-01
6.182482898235320823e-01
6.193835562467575606e-01
6.176370435953140170e-01
6.220386683940887229e-01
6.187935054302216020e-01
6.169498038291930664e-01
6.180441969633102550e-01
6.208916401863098233e-01
6.264005714654922174e-01
6.210948568582534968e-01
6.183453255891799838e-01
6.173824328184127630e-01
6.184099793434143510e-01
6.221380645036697077e-01
6.185719352960586948e-01
6.212245863676071345e-01
6.179424029588699296e-01
6.179221332073211448e-01
6.179562836885452715e-01
6.203983849287033614e-01
6.199803471565246138e-01
6.168487936258315596e-01
6.188769531250000178e-01
6.203970277309417414e-01
6.183305948972701582e-01
6.175460106134414984e-01
6.206875306367873879e-01
6.169356596469879328e-01
6.215359812974929898e-01
6.242105567455291659e-01
6.216259640455246149e-01
6.189133131504058749e-01
6.164495348930358887e-01
6.167069840431212979e-01
6.201990544795989990e-01
6.183479022979736506e-01
6.181843483448028476e-01
6.182521706819534835e-01
6.236390799283981767e-01
6.206775230169295776e-01
6.209766256809234886e-01
6.227693104743957653e-01
6.176379537582397106e-01
6.170516842603683827e-01
6.195676934719085427e-01
6.204134875535964877e-01
6.202650070190429688e-01
6.210535991191864502e-01
6.192390578985214056e-01
6.207054787874222157e-01
6.215480828285216974e-01
6.207682996988296287e-01
6.202725142240523848e-01
6.149430328607559115e-01
6.172658586502075551e-01
6.233238810300827382e-01
6.183223563432693748e-01
6.197448289394378307e-01
6.197592198848724809e-01
6.207786750793456987e-01
6.208783978223800792e-01
6.233657622337340776e-01
6.181829190254211071e-01
6.198732966184615778e-01
6.253044217824935691e-01
6.179922813177108898e-01
6.172547721862793324e-01
6.199509203433990479e-01
6.206551587581634610e-01
6.206763994693755837e-01
6.215425622463226496e-01
6.219454675912856612e-01
6.241609132289887008e-01
6.186919009685516446e-01
6.179403632879256758e-01
6.185348170995712547e-01
6.224657064676284435e-01
6.206472647190094394e-01
6.210785382986068193e-01
6.217484277486801103e-01
6.207539051771163718e-01
6.212708193063736228e-01
6.177965426445006791e-01
6.177204459905624168e-01
6.203347390890121549e-01
6.205731403827666748e-01
6.190782856941222656e-01
6.149996995925903764e-01
6.159387540817260476e-01
6.183519977331161099e-01
6.152110296487808272e-01
6.186005783081054421e-01
6.162215399742126953e-01
6.222785621881484763e-01
6.227897143363952948e-01
6.185558128356933860e-01
6.197098898887634100e-01
6.220022058486938121e-01
6.205322748422622547e-01
6.216834479570388927e-01
6.229091918468475653e-01
6.211171680688858387e-01
6.199002110958099498e-01
6.223314481973648560e-01
6.212157732248306807e-01
6.195315766334533736e-01
6.180885785818099887e-01
6.178930807113647283e-01
6.180612754821777077e-01
6.217470782995223599e-01
6.223190945386886108e-01
6.218692880868911255e-01
6.208290046453476263e-01
6.188694620132446644e-01
6.217422968149185492e-01
6.212032842636108221e-01
6.180484765768050615e-01
6.159319424629211559e-01
6.193815273046493486e-01
6.194664698839187356e-01
6.177141696214676347e-01
6.200163078308105202e-01
6.146427118778228227e-01
6.220635551214218628e-01
6.210445219278335482e-01
6.214777797460555586e-01
6.238458353281021163e-01
6.224353152513504295e-01
6.235293400287628129e-01
6.224800783395767478e-01
6.201695710420608298e-01
6.197387254238129195e-01
6.176557862758635942e-01
6.234463483095169511e-01
6.197800207138061124e-01
6.212625658512115345e-01
6.214276188611984608e-01
6.231734949350357100e-01
6.209967041015624911e-01
6.181284332275390758e-01
6.164004725217818725e-01
6.192707943916321289e-01
6.193059480190277188e-01
6.210660183429718151e-01
6.186779379844665749e-01
6.209790784120560181e-01
6.200817513465881614e-01
6.228812086582183882e-01
6.208184349536896018e-01
6.198827815055847346e-01
6.199416363239288463e-01
6.157559752464294434e-01
6.198657631874084917e-01
6.197563368082046331e-01
6.194931536912917647e-01
6.180131369829178212e-01
6.220456367731094227e-01
6.204134064912796287e-01
6.214779317378997803e-01
6.186039185523987127e-01
6.171549522876739191e-01
6.181051510572433960e-01
6.202594649791717263e-01
6.195174372196197154e-01
6.191347408294677335e-01
6.203825306892395419e-01
6.187365520000457364e-01
6.204261052608489591e-01
6.180254298448563111e-01
6.188197427988052501e-01
6.223448497056961459e-01
6.206957036256790516e-01
6.203924787044524658e-01
6.210394984483719183e-01
6.193954414129256847e-01
6.211301755905150879e-01
6.237620478868484142e-01
6.171015417575835826e-01
6.225126039981841997e-01
6.209076678752899481e-01
6.224487292766570645e-01
6.207633394002914917e-01
6.198610746860504506e-01
6.188701593875884921e-01
6.223611575365066706e-01
6.194976210594177468e-01
6.191936647891997936e-01
6.156640583276749012e-01
6.209182149171829090e-01
6.226091045141219915e-01
6.241948616504668923e-01
6.148394221067428056e-01
6.186256295442581488e-01
6.190661323070526523e-01
6.188699299097061290e-01
6.226892381906509177e-01
6.184348362684249922e-01
6.222986429929733276e-01
6.182145363092422796e-01
6.188761162757873135e-01
6.219859236478805231e-01
6.228286141157149958e-01
6.171561020612716941e-01
6.168829232454300371e-01
6.187235516309738115e-01
6.178511673212051525e-01
6.226583594083785478e-01
6.188446956872940552e-01
6.223669391870498835e-01
6.209398597478866799e-01
6.227604645490646407e-01
6.179588222503662465e-01
6.205082774162292703e-01
6.183801400661468328e-01
6.174443405866623102e-01
6.175664299726486561e-01
6.195473545789718095e-01
6.181213021278381126e-01
6.208806264400482666e-01
6.217585164308547796e-01
6.195540904998779741e-01
6.189148598909377519e-01
6.207873910665512307e-01
6.206121855974197077e-01
6.212999141216277721e-01
6.206846392154693470e-01
6.179078847169876543e-01
6.209565037488937733e-01
6.178161334991455478e-01
6.168474113941192494e-01
6.185593605041503906e-01
6.154828488826751265e-01
6.221027582883834617e-01
6.191046190261840776e-01
6.183110964298248469e-01
6.185661458969116122e-01
6.199767702817916559e-01
6.145455557107925015e-01
6.238443231582642134e-01
6.190148925781250311e-01
6.221352648735046786e-01
6.216506516933441029e-01
6.188555085659026567e-01
6.238994997739791826e-01
6.215326929092407360e-01
6.194871073961257801e-01
6.202873295545577870e-01
6.268562811613083152e-01
6.204621833562851130e-01
6.201302558183670044e-01
6.234256118535995705e-01
6.210884803533553988e-01
6.235939484834670532e-01
6.203070169687271429e-01
6.207015764713287309e-01
6.202255457639693770e-01
6.146382391452789307e-01
6.194584888219832886e-01
6.192698001861571822e-01
6.143984532356262518e-01
6.195531898736953424e-01
6.218478345870971369e-01
6.202420651912688987e-01
6.184229749441146895e-01
6.184842061996459472e-01
6.192914545536041260e-01
6.203422564268111783e-01
6.195805811882019176e-01
6.204758906364440385e-01
6.182182377576828092e-01
6.240145468711852939e-01
6.219369643926619950e-01
6.217780226469039606e-01
6.183081567287445068e-01
6.207207351922988670e-01
6.176190018653869851e-01
6.204152888059616400e-01
6.205187481641769587e-01
6.195201975107192949e-01
6.188096362352371038e-01
6.180989110469817804e-01
6.197935944795608387e-01
6.211592912673949973e-01
6.178445905447006448e-01
6.193752795457839744e-01
6.203782761096954257e-01
6.194385707378387007e-01
6.212768089771271152e-01
6.200794214010239003e-01
6.224140292406081798e-01
6.225368398427962857e-01
6.174811387062072443e-01
6.225817334651947421e-01
6.184571033716201871e-01
6.215409880876541227e-01
6.258419603109359741e-01
6.186707609891891613e-01
6.193344157934188576e-01
6.205319339036940995e-01
6.236240684986114058e-01
6.200897294282913252e-01
6.190051567554474277e-01
6.220759272575377974e-01
6.220104569196700517e-01
6.202935218811035378e-01
6.181088125705719305e-01
6.195927333831786621e-01
6.172883391380310503e-01
6.217776781320571988e-01
6.195253509283066284e-01
6.183610653877258390e-01
6.189889085292815674e-01
6.162611371278763350e-01
6.239778506755828680e-01
6.182143604755401256e-01
6.173625421524048251e-01
6.203848600387573686e-01
6.193010336160660323e-01
6.193313443660736217e-01
6.162635040283203081e-01
6.234510278701782537e-01
6.226090741157531694e-01
6.228086590766906960e-01
6.197288298606872248e-01
6.198050802946091231e-01
6.196452188491821111e-01
6.199057620763778198e-01
6.164646643400192305e-01
6.212544023990631548e-01
6.200294077396393266e-01
6.149142634868621782e-01
6.217986667156218950e-01
6.208098924160003751e-01
6.201666373014450562e-01
6.233713507652283159e-01
6.227904367446899236e-01
6.227040755748748380e-01
6.181925964355469150e-01
6.193789541721343994e-01
6.196341508626937999e-01
6.175611394643784058e-01
6.205011516809463279e-01
6.203840017318725808e-01
6.173903590440750211e-01
6.180479764938354714e-01
6.172002190351486561e-01
6.210036486387252586e-01
6.189349079132080433e-01
6.198302185535431441e-01
6.197236758470535678e-01
6.168287539482116832e-01
6.180069965124129761e-01
6.213385117053985551e-01
6.183589935302734597e-01
6.178579199314117032e-01
6.246863019466399880e-01
6.235166615247726973e-01
6.191605591773986506e-01
6.203982090950012074e-01
6.199847960472106845e-01
6.205907982587813843e-01
6.174573373794555176e-01
6.183009397983550981e-01
6.196128904819488969e-01
6.202169561386108310e-01
6.181538122892379361e-01
6.182196241617202714e-01
6.230047982931137263e-01
6.136899322271347490e-01
6.214833122491836281e-01
6.172233259677887274e-01
6.209422868490218628e-01
6.220555889606476097e-01
6.162620168924332065e-01
6.220818412303924516e-01
6.186623305082321611e-01
6.181899040937424150e-01
6.138347429037094294e-01
6.167575466632843062e-01
6.183836674690246227e-01
6.209445691108703702e-01
6.158923864364623801e-01
