1.033476980281993640e+00
-1.253056084737181643e-02
-7.935849810019135562e-04
-1.683416059240698797e-03
-5.102291526272892570e-03
-1.236339733004570077e-02
-1.123019785154610872e-02
-1.449031157302670125e-02
-1.650768203311599874e-02
-1.351963602472096640e-02
-1.553724268451333115e-02
-1.783380771870725010e-02
-1.402250842191278893e-02
-1.606345133855938828e-02
-1.371922886930406101e-02
-1.582402897300198841e-02
-1.190170273184776306e-02
-1.494816392660141061e-02
-1.327642844058573267e-02
-1.287928790086880285e-02
-1.312719412613660118e-02
-1.295152850099839242e-02
-1.149587997701019028e-02
-1.274572842288762380e-02
-9.829214626224712023e-03
-1.034213284961879240e-02
-9.873248599469662545e-03
-1.199518683832138770e-02
-1.145951563958078588e-02
-1.113543395651504439e-02
-1.149597668088972631e-02
-1.206126931007020162e-02
-9.178875382640399802e-03
-1.191544122528284851e-02
-7.177710110554471300e-03
-1.013256022240966586e-02
-9.910562434233724863e-03
-9.573585549369455217e-03
-9.409019065788015029e-03
-9.135373713215813249e-03
-1.077371773077175077e-02
-1.122806831612251782e-02
-1.163791832455899483e-02
-1.083030225010588737e-02
-1.133692391333170242e-02
-1.057968526612967225e-02
-1.043569142930209602e-02
-1.045605984400026570e-02
-1.071493299095891381e-02
-1.093549958488438355e-02
-1.070229994948022033e-02
-9.389555029338225375e-03
-8.839924153871834417e-03
-9.407213964732364514e-03
-6.791812607552856484e-03
-8.808165431255475519e-03
-8.487944352091290889e-03
-8.825346250378061572e-03
-8.047007860150189040e-03
-8.418077077949418993e-03
-8.555403937934897771e-03
-8.735007600625977267e-03
-9.346710917889140824e-03
-7.555238273926079447e-03
-9.083880745456553163e-03
-7.335710015613585572e-03
-9.256227278383448789e-03
-7.145378576824441483e-03
-7.346570433001033650e-03
-7.527695121243595938e-03
-6.631223364965990047e-03
-8.792705669766292392e-03
-7.903750335099175156e-03
-7.407868364825844626e-03
-7.470869287499226456e-03
-9.972767302533611447e-03
-8.812230481998995293e-03
-9.398629215429537415e-03
-1.108574233599938369e-02
-1.015214072074741188e-02
-1.009600603749277042e-02
-1.160079497421975282e-02
-9.466038164100609373e-03
-1.246953652705997187e-02
-1.040539432899095090e-02
-1.121679358649998841e-02
-1.110263007169123677e-02
-1.131234302971279200e-02
-1.058129201352130642e-02
-1.144554476486519048e-02
-1.043275787727907314e-02
-1.099894735263660592e-02
-1.050656098756007871e-02
-1.078840541304089060e-02
-1.200874649744946426e-02
-1.083275103359483162e-02
-1.274957569432444947e-02
-1.044564839568920371e-02
-1.115377895417623243e-02
-1.099193621601443800e-02
-1.170030126348137883e-02
-1.161361101840157131e-02
-1.215088781435042647e-02
-1.033693462959490647e-02
-1.177635284489952049e-02
-9.564497293904423297e-03
-1.065002821036614526e-02
-1.057887329196091804e-02
-1.093625275942031357e-02
-1.064682610798627083e-02
-1.136425913602579461e-02
-9.863405419746413411e-03
-1.004618437669705516e-02
-1.021805790718644837e-02
-9.561033626669086447e-03
-9.799675424001180399e-03
-1.033671933633741047e-02
-8.863098913570866336e-03
-9.780617146752774993e-03
-9.304255316965281269e-03
-9.531999215832911640e-03
-9.510344779118894837e-03
-9.766907696612179418e-03
-9.134296090342103672e-03
-9.130213522003032683e-03
-9.802409428521058690e-03
-9.767844914458692282e-03
-9.231278153019956828e-03
-9.452178031788207799e-03
-9.679669809120241414e-03
-8.715809482382610995e-03
-9.795752079226076672e-03
-9.609527982538565785e-03
-9.453258171852212122e-03
-9.311620267108083535e-03
-9.198901869240216911e-03
-8.751511052250861636e-03
-9.421665699919685652e-03
-9.366253294283524364e-03
-8.224483255180530666e-03
-8.789079563284759103e-03
-8.477070095250383713e-03
-8.710667315172030897e-03
-9.448898547561838598e-03
-8.900850537465886114e-03
-8.361992778955027600e-03
-8.967685257084667336e-03
-7.841074502211995909e-03
-7.788312787888571585e-03
-9.651855451811569911e-03
-8.364437882555648962e-03
-8.527147601707838614e-03
-7.791737644583918328e-03
-9.000102108693681935e-03
-7.427239729149732322e-03
-8.007397028268314204e-03
-7.317716457473580002e-03
-7.654127893038094148e-03
-7.901791106560267577e-03
-7.128488677553832149e-03
-7.865383214957546651e-03
-7.758046759408898825e-03
-7.142959171324037362e-03
-8.632007724372670054e-03
-8.145665829651989320e-03
-8.342406327137723288e-03
-7.372404537163674589e-03
-7.826903069799299659e-03
-7.632673036714550212e-03
-8.116679677623323680e-03
-7.854511524201371331e-03
-7.657123938843142172e-03
-7.285241042845882684e-03
-8.054926998447627107e-03
-7.555132190464064652e-03
-6.975355238828342443e-03
-7.097232106607407123e-03
-7.963963777874595584e-03
-6.675860284594818672e-03
-7.762489942106185620e-03
-8.330652706790715387e-03
-7.032238366082310850e-03
-7.612408367567696094e-03
-7.945974218891933838e-03
-7.287210022914223165e-03
-7.229143707372713730e-03
-6.667070234543643822e-03
-7.050312505452893501e-03
-7.746015659067779710e-03
-7.186559561523609210e-03
-6.900816877314355433e-03
-6.495792480418458720e-03
-7.814061923418193223e-03
-6.484566605649888515e-03
-7.149169461918063184e-03
-6.882294460665434356e-03
-7.292019588057883049e-03
-7.957640768727286887e-03
-7.267269451986067309e-03
-7.023083757085260212e-03
-7.102184503746684224e-03
-6.896132088149898101e-03
-5.851228351821191956e-03
-7.107485551969148531e-03
-6.535579666960984399e-03
-6.600800996529869458e-03
-6.384241925552487651e-03
-6.271595371654257317e-03
-7.214903868152759692e-03
-6.841931606177240228e-03
-6.557553127058781718e-03
-6.947685303166508709e-03
-6.591754568362375409e-03
-6.305606122768949579e-03
-5.843383852625266134e-03
-6.694649450364523018e-03
-5.769908703514375035e-03
-6.699276032741181830e-03
-6.237930413335561995e-03
-5.492900782264768800e-03
-6.466497249784879282e-03
-5.869657636503688644e-03
-6.074987663887441124e-03
-6.993228087521856720e-03
-6.650432319147512629e-03
-6.839532984886318064e-03
-6.904408434638753707e-03
-6.509160095592960577e-03
-6.427467740722931852e-03
-5.760247450089081914e-03
-6.315987534471787478e-03
-6.854535757884150544e-03
-6.120062230620532985e-03
-5.975842828338500529e-03
-6.271772065083495995e-03
-6.586294237058610071e-03
-5.468691395362839172e-03
-5.673954223748296083e-03
-6.500922876875847231e-03
-5.002434386988170723e-03
-5.518938160385004899e-03
-6.220242458512075488e-03
-5.716474016517167876e-03
-5.670498642721213435e-03
-6.148350847652182295e-03
-5.948445437825284829e-03
-6.313263501215260649e-03
-6.097492936241906414e-03
-5.745405991910956453e-03
-6.168047324172221471e-03
-5.750343907857313405e-03
-5.434232318075373977e-03
-5.150000064168125738e-03
-5.725864027917850971e-03
-6.458179477776866337e-03
-5.845736962510272687e-03
-5.571628075849730487e-03
-5.823608927894383808e-03
-6.138847172551322416e-03
-5.206736884138081327e-03
-5.814863415434956377e-03
-5.478715017670765346e-03
-5.597959787410218199e-03
-5.201364360982551997e-03
-5.693943523219786862e-03
-5.784641935606487338e-03
-4.786967609543352903e-03
-5.759228930692188164e-03
-5.604044792708009343e-03
-5.545389595208689154e-03
-5.804511386668309396e-03
-5.172809911309741646e-03
-5.828438906028168311e-03
-5.431875987269450291e-03
-5.159466381301171765e-03
-5.180512150400318032e-03
-4.906600331305526093e-03
-6.058543124090647047e-03
-5.421082527027465750e-03
-5.450912852393230250e-03
-5.356004129280336583e-03
-4.829144655668642268e-03
-4.856431551161222160e-03
-5.290427625877783084e-03
-5.345370672366698238e-03
-5.676026794826611460e-03
-5.323586094891652638e-03
-5.525396432494745005e-03
-4.746754567167954693e-03
-5.521261156536639084e-03
-5.610670675523578808e-03
-5.149120966088958050e-03
-4.958138536312617535e-03
-5.477096978283952852e-03
-5.333312192815356338e-03
-5.243646533926948905e-03
-4.642905914151924419e-03
-5.589952363807242607e-03
-5.292739832657389516e-03
-4.643469013099092886e-03
-5.324232476996257520e-03
-5.054004409175832067e-03
-4.682606048882007564e-03
-4.836147264577448333e-03
-4.603934524930082539e-03
-5.729133413115050817e-03
-5.197150004532886426e-03
-5.250381595687940960e-03
-4.859734763158485293e-03
-5.207833358726929492e-03
-4.934430287394206589e-03
-5.391254541027592356e-03
-5.140008190501248186e-03
-5.276651868625776599e-03
-4.923714963952079658e-03
-4.616442396072670436e-03
-5.002908688911702345e-03
-4.475535639212466915e-03
-5.548032006481662046e-03
-4.705917494720779533e-03
-5.001746918424032629e-03
-4.867242866894229934e-03
-5.149409042496699493e-03
-4.349940472748130629e-03
-4.764638475462561543e-03
-4.852292685536667600e-03
-4.737714955117553264e-03
-4.356659550394397298e-03
-5.144134139409288660e-03
-4.603321135509759292e-03
-4.414925607270561193e-03
-4.951671579910907860e-03
-5.375862126820720940e-03
-4.393419729894958679e-03
-4.573285462101921682e-03
-4.967389619268942555e-03
-4.302632196922786915e-03
-4.675505300401710390e-03
-5.094558518030680751e-03
-4.717170650255866210e-03
-4.528790593321900711e-03
-4.452566793552250636e-03
-4.837166599463671793e-03
-4.426564488094300240e-03
-4.589951434027171075e-03
-4.909562300308607102e-03
-4.545926857826998284e-03
-4.724908986390801389e-03
-4.309598630643449342e-03
-4.385190709144808595e-03
-4.493193766829790131e-03
-4.755687834694981297e-03
-4.365801526582799817e-03
-4.505822507198899672e-03
-4.585962727433070228e-03
-5.014118618855718107e-03
-4.941236701561138069e-03
-4.119038365897722924e-03
-4.158105395326856801e-03
-4.412287632294465030e-03
-4.690479414712171724e-03
-4.763183541363105213e-03
-4.131529602163936873e-03
-4.831593124399660190e-03
-4.055061839753761749e-03
-4.504905688227154106e-03
-4.509343465615529498e-03
-4.135416353528853159e-03
-4.610917152022011266e-03
-4.603228136402321737e-03
-4.519425349717494204e-03
-3.626986613962799449e-03
-4.193647308275103361e-03
-4.614091673574876283e-03
-3.764138465339783406e-03
-4.484472007170552110e-03
-4.061285921488888215e-03
-4.203436173411318789e-03
-4.760557215486187384e-03
-4.159720062161796107e-03
-3.941840828920248688e-03
-4.629063216270878911e-03
-4.033392435230780462e-03
-4.185491781681776116e-03
-4.144982974103186314e-03
-4.003108418473857143e-03
-4.128302974277175789e-03
-4.709324957802891662e-03
-4.521924670552834695e-03
-4.442382044799159969e-03
-4.255101777962408752e-03
-3.946630047576036443e-03
-4.308800496801268309e-03
-3.850705825025215953e-03
-4.309341541520552744e-03
-4.166114391991868927e-03
-4.225894501141738355e-03
-4.092573471716605404e-03
-4.416009523265529250e-03
-4.237861153669655011e-03
-4.395474090706556758e-03
-3.606781649868935451e-03
-4.031321514630690529e-03
-4.158858206064906110e-03
-3.976173046103212774e-03
-4.669249199214391827e-03
-3.908683819463476712e-03
-4.496704902267083769e-03
-4.123220359178958634e-03
-4.206601844052784180e-03
-3.795286783715710096e-03
-4.320825547329150244e-03
-4.067701457825023507e-03
-4.060594281036174202e-03
-4.391469516122015193e-03
-3.409999231080291984e-03
-4.419841224735137492e-03
-3.718199408904183673e-03
-3.864375393313821370e-03
-4.097908127005211835e-03
-3.851639550703112036e-03
-3.944841032207478150e-03
-4.287971801531966463e-03
-3.706771834986284306e-03
-3.656244633602909622e-03
-4.039320916926953525e-03
-4.188345761940581377e-03
-4.006295300860074696e-03
-3.976657241000793735e-03
-4.258564478368498732e-03
-4.315555838402360990e-03
-4.007867353357142184e-03
-4.222244889242574538e-03
-4.053229208511766220e-03
-4.385942153458017440e-03
-3.784981310600414942e-03
-3.927100601140409361e-03
-3.754763331089634379e-03
-3.789160746964626188e-03
-3.880658673297148007e-03
-4.021497549401829331e-03
-3.849422645143931680e-03
-3.625098766060545936e-03
-4.311353816883638397e-03
-3.527305037277983328e-03
-3.861885323713067867e-03
-3.753260875091654972e-03
-3.805768202000763076e-03
-3.916240103717427527e-03
-3.819838141789659754e-03
-4.049957790120970250e-03
-3.917304457136196877e-03
-3.973626406514085482e-03
-4.084393088996876239e-03
-3.911963736172765181e-03
-3.919645625283010512e-03
-3.814113842963706702e-03
-3.895656728709582205e-03
-3.775795683905016579e-03
-3.320344442909117615e-03
-3.741856131091480988e-03
-4.208384396333713154e-03
-3.437925051548518154e-03
-3.229148106765933161e-03
-3.769001854379894212e-03
-3.076217015041038307e-03
-4.117219627951271797e-03
-3.885296157386619684e-03
-3.600013493560254730e-03
-3.401492387347388856e-03
-3.411330339440610347e-03
-3.639565692137693934e-03
-3.505173195590032334e-03
-3.659071355505147741e-03
-3.789411703764926451e-03
-3.496500840847147594e-03
-3.487709275214001623e-03
-3.532796828658319854e-03
-4.282646853826008355e-03
-3.364214007742703100e-03
-3.457402697240468097e-03
-3.425395477679558150e-03
-3.593328115821350574e-03
-4.282837526116054644e-03
-3.746678911847993627e-03
-3.698431120137683943e-03
-3.595446918625384500e-03
-3.574036666686879367e-03
-3.319302238232921774e-03
-3.231989478226750950e-03
-3.794324671034701290e-03
-3.303295898949727520e-03
-3.870148330461233802e-03
-3.825473044998943615e-03
-3.945796850748592779e-03
-3.279245886224088982e-03
-3.729899787140311760e-03
-3.130756665195803985e-03
-3.874848451232537627e-03
-3.552959940570872121e-03
-3.566780683468095785e-03
-3.334476810996420473e-03
-3.753927262441720918e-03
-3.905263846972957444e-03
-4.192270873463712494e-03
-3.541119671426713397e-03
-3.316001908970065293e-03
-3.875507322227349661e-03
-3.532988362421747488e-03
-3.964726232807152043e-03
-3.313439775374718045e-03
-3.301434419554425282e-03
-3.376787251036148484e-03
-3.091656650431104728e-03
-4.176835912512615219e-03
-3.378910250612534791e-03
-3.961713722674176097e-03
-2.954575017502065852e-03
-3.732400474400492281e-03
-3.351067250769119554e-03
-3.235126029321690969e-03
-4.147441175009589261e-03
-3.651139952708035586e-03
-3.784782011352945050e-03
-3.548955463338643399e-03
-3.431634972512256302e-03
-3.726000613969517733e-03
-3.843645662891503976e-03
-3.077238362166099129e-03
-3.798693620774429378e-03
-3.689744173025246918e-03
-3.695747976307757390e-03
-3.808567286178004153e-03
-3.512680894054937952e-03
-3.706981546420138121e-03
-3.906173833383945818e-03
-3.256912176730111276e-03
-3.570174475898966245e-03
-3.620618442291743087e-03
-3.924308080240734679e-03
-3.404973481083288598e-03
-3.518042727810097650e-03
-3.691419715469237278e-03
-3.416716970386915117e-03
-3.585278013342758658e-03
-3.667579310986184091e-03
-3.300846139609348029e-03
-3.625648315937723878e-03
-3.825543314742389962e-03
-4.386007951979991291e-03
-3.870263725693803315e-03
-3.476110855553997576e-03
-3.735711899644229405e-03
-3.451533534534974128e-03
-3.712925844301935389e-03
-3.179949652549112025e-03
-3.882538554607890477e-03
-3.886581527476664841e-03
-3.444576309993863019e-03
-3.522170280921273038e-03
-3.561582474067108688e-03
-3.087541133863851497e-03
-3.538554251426830922e-03
-3.468368662288412365e-03
-3.629776345624122560e-03
-3.540277385036461142e-03
-3.512476955947931977e-03
-3.250443137367256020e-03
-3.435088208352681232e-03
-2.932137053285259910e-03
-3.858521463989745669e-03
-3.069597472385794407e-03
-3.225177178101148491e-03
-3.315237080751103245e-03
-3.989027321804314991e-03
-3.512388181698042865e-03
-3.296327829593792471e-03
-3.496054860879667207e-03
-3.671765104809310114e-03
-3.631665191205684165e-03
-3.928881091414950649e-03
-2.765024080581497245e-03
-3.736765271751210041e-03
-3.327875271570519648e-03
-3.495557468559127093e-03
-3.184366766654420609e-03
-3.540786815283354476e-03
-3.246519888343755121e-03
-3.762234999303473021e-03
-3.148984990548342640e-03
-3.248795217950828460e-03
-3.314241583866532701e-03
-3.181172799959313107e-03
-3.475642133416840650e-03
-3.196775438846089033e-03
-3.195473339874297432e-03
-3.562799633073154837e-03
-3.547385331185069074e-03
-3.556726565293502184e-03
-3.110743341385386988e-03
-3.690672593802446326e-03
-3.710469640718656609e-03
-3.108507425786228694e-03
-3.271993515809299303e-03
-3.438527867256198096e-03
-3.305590692034456827e-03
-3.549390135740395844e-03
-3.513982265722006594e-03
-3.430417410563677515e-03
-3.469313757814234019e-03
-3.629727259321953361e-03
-3.156102569482754829e-03
-3.469926413963548683e-03
-3.341749454120872612e-03
-3.421282134804641724e-03
-3.739138744131196256e-03
-3.587940384168177704e-03
-3.226617218024330127e-03
-3.320390154549386196e-03
-3.383734905510209570e-03
-3.322454360313713620e-03
-3.807006404385901866e-03
-3.470127017644699871e-03
-3.481459363538306345e-03
-3.390660145960282690e-03
-3.371436252200510266e-03
-3.441501777560915850e-03
-3.807890269090421359e-03
-3.230986337148351699e-03
-2.971984746545786125e-03
-3.379942228493746422e-03
-3.404231243621325120e-03
-3.724245300400070863e-03
-3.423163850238779456e-03
-3.361197700287448051e-03
-3.170723795192316365e-03
-3.735361258441116574e-03
-3.364331999036949006e-03
-3.802652240992756682e-03
-3.418821537052281392e-03
-3.501115698600188071e-03
-3.525130811613053257e-03
-3.835598797304555670e-03
-3.865389804122969491e-03
-3.131903925095684636e-03
-3.714031590352533368e-03
-3.408926521660760219e-03
-3.179790698050055740e-03
-3.312758808606304159e-03
-3.488224478496704337e-03
-3.438191495515639101e-03
-3.228261671392828984e-03
-3.630290927394526183e-03
-3.292607132170815003e-03
-3.360977204574737594e-03
-3.199409429507795929e-03
-2.938087085640290683e-03
-3.755342348013073275e-03
-3.341223427560180339e-03
-3.559001745306886524e-03
-3.674247480958001567e-03
-3.228880736714927289e-03
-3.578261072689201561e-03
-3.187173043552320346e-03
-3.229689496220089322e-03
-3.220757132512517325e-03
-3.401691212493460417e-03
-3.448237805278040261e-03
-3.635209186468273471e-03
-3.668401383038144559e-03
-3.112632671400205990e-03
-3.443470618367428134e-03
-3.289339469629339822e-03
-3.132967424462549267e-03
-3.647193030337802979e-03
-3.110898254672065516e-03
-3.689436020504217612e-03
-3.625899463659152441e-03
-3.034177322406321573e-03
-3.192684478708542745e-03
-3.323931081831688148e-03
-3.651224211498629163e-03
-3.191099029791075615e-03
-3.216588147188303905e-03
-3.281658855266869276e-03
-3.262752575974445929e-03
-3.014601535614929145e-03
-3.233200850518187439e-03
-3.686506359372287989e-03
-3.246342447819188133e-03
-3.648420163954142672e-03
-3.586907723511103749e-03
-3.130800258077215403e-03
-3.031964409747160954e-03
-3.549140473478473549e-03
-3.470067315611231450e-03
-3.331883989303605510e-03
-3.524652454652823716e-03
-3.399059583243797724e-03
-3.224275040047359497e-03
-3.504565844486933358e-03
-3.363936288369586552e-03
-3.297430956299649343e-03
-3.557574951555579970e-03
-3.337793802784290356e-03
-3.000572497840039553e-03
-3.370446721673943293e-03
-3.281437730911420693e-03
-3.110655259370105185e-03
-3.121076434181304596e-03
-2.995220443117432331e-03
-3.349581133516039717e-03
-2.856331595103256318e-03
-3.314362962992163392e-03
-3.092257508251350460e-03
-2.973550997703569218e-03
-3.508771317137871024e-03
-3.215219187841285124e-03
-3.120804648788180324e-03
-3.443960606527980434e-03
-3.136830243020085566e-03
-3.300475882715545387e-03
-3.386726773824193584e-03
-3.265527682597166997e-03
-3.486280845536384853e-03
-2.876806101558031497e-03
-2.800052552338456579e-03
-3.142804197559598799e-03
-3.547287273977417672e-03
-3.193606390850618672e-03
-3.954365780227817734e-03
-3.350869660935131954e-03
-3.038831235608086077e-03
-3.428406525345053645e-03
-3.575942940515233325e-03
-3.593196129331772612e-03
-2.877763643336948146e-03
-3.763512321747839416e-03
-3.533274940855335357e-03
-3.401108036778168961e-03
-3.003463980858214148e-03
-2.939711166109191306e-03
-3.583490698074456252e-03
-3.486736394115723826e-03
-3.406852719199378147e-03
-2.938023213646374573e-03
-3.631729583867127163e-03
-3.096283049089834215e-03
-2.949850556324236199e-03
-3.025673987576737826e-03
-3.489028386538848159e-03
-3.266486640059156153e-03
-3.218710635264869849e-03
-3.594519885664340057e-03
-3.467343952506780815e-03
-3.099707333749392862e-03
-3.572637805482372676e-03
-3.463975327613297815e-03
-3.491215918911621044e-03
-3.274882289988454483e-03
-3.703695796430111001e-03
-3.044688073568977554e-03
-3.265339647623477330e-03
-3.303669429151341163e-03
-3.359496254925034217e-03
-3.081579583522398025e-03
-3.272292554756859369e-03
-3.484242961567360700e-03
-3.439248876384226692e-03
-3.061084041983122214e-03
-2.759221401356626389e-03
-2.780726145720109448e-03
-3.073328357859281875e-03
-3.264892240986228076e-03
-3.802215808464097600e-03
-2.864983152830973337e-03
-3.167349598952569258e-03
-3.384367759572342194e-03
-3.649959367176052079e-03
-3.399052754248259398e-03
-3.286993214860558371e-03
-3.088739011145662586e-03
-3.465682812384329823e-03
-3.193042716011404783e-03
-2.944415007950737864e-03
-3.528830217401264253e-03
-3.204916170361684757e-03
-3.325794217089424101e-03
-3.614852757455082593e-03
-3.503165572183206556e-03
-3.427099883556365949e-03
-3.241584012866951473e-03
-2.993715883858385444e-03
-3.347699255391489628e-03
-3.106781776150455837e-03
-3.583258534708875023e-03
-3.053667529893573391e-03
-3.306693353806622326e-03
-3.237060683313757077e-03
-3.430702413170365426e-03
-3.477380816038930841e-03
-3.100742127571720630e-03
-3.299130236846394872e-03
-3.058445525239221821e-03
-3.437673955922946299e-03
-3.219069845217745803e-03
-3.306920972827356517e-03
-3.548628187854774123e-03
-3.257993984443601117e-03
-3.222127481858478876e-03
-3.397357795620337129e-03
-3.145558188844006526e-03
-3.650715780677273817e-03
-3.159580618375912482e-03
-3.200880591757595747e-03
-3.203501563984900539e-03
-3.209155705699231684e-03
-3.294971181021537441e-03
-3.073768564208876394e-03
-2.968459158291807294e-03
-3.331782594905235029e-03
-3.003082615323364544e-03
-3.339134961279341830e-03
-3.328501217183657112e-03
-2.838464754750020906e-03
-3.248075526935281440e-03
-3.472971509327180736e-03
-3.305876445374451422e-03
-3.326516525994520791e-03
-3.333623483631527155e-03
-3.476103862631134845e-03
-3.450419960136059776e-03
-2.962194514111615717e-03
-3.415808829886372942e-03
-3.580542346317088214e-03
-3.039937530411407438e-03
-3.589315151475602934e-03
-3.183218364720232993e-03
-3.209545463032554852e-03
-3.286427290295250696e-03
-2.990332309564110082e-03
-2.808438211795874148e-03
-2.836006642028223845e-03
-3.452263453218620305e-03
-2.973242169828154216e-03
-3.391254094312898867e-03
-2.850222442357335136e-03
-3.113563975202850945e-03
-3.204712477527209367e-03
-3.087944458529818734e-03
-3.356218480912502751e-03
-2.774775295110885106e-03
-3.434419654367957143e-03
-3.402681345760356826e-03
-3.546641148568596778e-03
-2.954098799964412908e-03
-3.098852264811284909e-03
-2.890920230420306481e-03
-3.293722785019781614e-03
-3.074203925789333828e-03
-3.251421238455805014e-03
-3.154001942020841134e-03
-3.158820208045654172e-03
-2.869158032990526234e-03
-3.011132950778119127e-03
-3.413322231499478325e-03
-3.297595486219506884e-03
-2.902704721418558446e-03
-2.922687349491752580e-03
-2.782524034555535711e-03
-3.093719062453601301e-03
-3.219127578777260940e-03
-3.169346494687488424e-03
-3.329729572724318080e-03
-3.148497125366702797e-03
-2.808481750835198961e-03
-3.172775062485015934e-03
-2.855832846398698079e-03
-3.159282354026799865e-03
-3.563764031569007906e-03
-3.161190808095852740e-03
-3.231286745285615221e-03
-3.282391097891377250e-03
-2.927250123611884348e-03
-2.789212390780448914e-03
-3.338525125727756070e-03
-3.310606303493841395e-03
-3.179174855176825076e-03
-2.922269247646909398e-03
-3.242323761805891887e-03
-2.897727658855728770e-03
-2.825492031624889967e-03
-3.141749151109251952e-03
-3.366323019727133180e-03
-3.081791268632514194e-03
-3.040392804105067522e-03
-3.077017702307784878e-03
-3.426348345383303188e-03
-3.360494156659115262e-03
-2.993434539966983565e-03
-2.957600703521166136e-03
-3.354018484824337204e-03
-3.270170481700915895e-03
-3.095722154248505865e-03
-3.020834812632528996e-03
-3.350754626444540831e-03
-3.222170246299356239e-03
-2.870796507777413544e-03
-3.325342170428484487e-03
-2.971006432198919443e-03
-3.124872800108278136e-03
-3.065178403485333686e-03
-2.979818548119510680e-03
-2.916887465980835467e-03
-3.361200243380153656e-03
-3.332565708769834496e-03
-3.179548824555240415e-03
-3.217352407809812541e-03
-3.130959500485914863e-03
-2.722181436838581967e-03
-3.396329565730411750e-03
-3.200964914431096969e-03
-3.173985223984345655e-03
-3.262485443119658018e-03
-2.934002425172366289e-03
-3.240182496374473080e-03
-2.820790838159155031e-03
-3.094002659345278673e-03
-3.228469293098896586e-03
-3.248355478863231699e-03
-2.767101647041272233e-03
-3.217062197218183324e-03
-3.190096898761112312e-03
-3.158160247985506396e-03
-2.743349322699941816e-03
-3.026524222805164564e-03
-3.217811409049317964e-03
-3.330925685004331241e-03
-3.015539850021013886e-03
-3.242741419235244549e-03
-2.890056531105074204e-03
-3.191230347438249806e-03
-2.968933535594260337e-03
-3.222011829202529008e-03
-3.331062121724244051e-03
-3.547524856548989105e-03
-3.599821118405088696e-03
-3.232874393579550192e-03
-3.303680464887292969e-03
-3.245104834932135539e-03
-3.388339703815290531e-03
-2.726644765352830447e-03
-3.357063515286426783e-03
-3.084249595121946359e-03
-3.119299276440870052e-03
-2.848635727423243138e-03
-3.107848348299740038e-03
-2.814103690616320732e-03
-3.133057672384893712e-03
-3.321647128614131552e-03
-3.335855702171102062e-03
-3.049613899784162606e-03
-3.158242169592995370e-03
-3.344997723470442136e-03
-2.898292234167456488e-03
-3.210102992015890708e-03
-3.162110544071765599e-03
-2.667522132833255542e-03
-3.262313629820710100e-03
-3.069514545059064473e-03
-3.472149388107936743e-03
-3.140750087040942041e-03
-3.095129122521029629e-03
-3.362492457381449466e-03
-3.268887599515437562e-03
-2.961866825571632823e-03
-3.160259552678326180e-03
-2.911220919631887089e-03
-3.728299912327202089e-03
-3.015224715927615744e-03
-3.028404254582710547e-03
-2.939041621139040251e-03
-3.195294692850438913e-03
-3.323013194312807259e-03
-3.217200970102567208e-03
-3.371498725755373016e-03
-3.277058941603172397e-03
-3.135057742765639047e-03
-3.151560193946352333e-03
-2.869205474853515556e-03
-3.293042038276326050e-03
-2.778027124095387799e-03
-2.970754001871682860e-03
-2.974297049149754457e-03
-3.416195143217919204e-03
-2.965715993414050951e-03
-2.617179034059518086e-03
-3.250458469483419495e-03
-2.669826163764810016e-03
-3.092351487284759112e-03
