5.645074027776718628e-01
5.652177321910858421e-01
5.711962383985519365e-01
5.800169694423675804e-01
5.913863635063171253e-01
5.981311547756195113e-01
6.038564372062683594e-01
6.067295813560485973e-01
6.087854713201522605e-01
6.092545539140701294e-01
6.118152374029159901e-01
6.122409963607787775e-01
6.127714431285857799e-01
6.140798223018646418e-01
6.138429838418960616e-01
6.145115083456039740e-01
6.160052889585494462e-01
6.163182532787323531e-01
6.158395397663116722e-01
6.161736989021301403e-01
6.173561483621596846e-01
6.168398874998092252e-01
6.171928280591965077e-01
6.169543319940566928e-01
6.182572197914123491e-01
6.188859212398528653e-01
6.180267751216887984e-01
6.181802803277969272e-01
6.184715801477431718e-01
6.193842333555221735e-01
6.199142670631409002e-01
6.197558170557022628e-01
6.196418213844299139e-01
6.196948128938675193e-01
6.211223399639129727e-01
6.216206473112105835e-01
6.214084231853485019e-01
6.222561359405517356e-01
6.226213634014129417e-01
6.226514542102813410e-01
6.241206717491150080e-01
6.235378503799438032e-01
6.258056926727294522e-01
6.269673877954482499e-01
6.271596109867095814e-01
6.285285478830338057e-01
6.281882274150848433e-01
6.289392077922820734e-01
6.298126131296157837e-01
6.303878277540206909e-01
6.307162040472030773e-01
6.306933367252349765e-01
6.326404237747191850e-01
6.324300616979598999e-01
6.331093639135361162e-01
6.332530778646469072e-01
6.334378790855407226e-01
6.339078205823898138e-01
6.331766968965530928e-01
6.338985824584960627e-01
6.344660049676895675e-01
6.350214189291000233e-01
6.346993702650070013e-01
6.346659439802170288e-01
6.354966181516646939e-01
6.358501672744750755e-01
6.355473595857620284e-01
6.356897145509720071e-01
6.360523819923400435e-01
6.364682114124298185e-01
6.372594463825226319e-01
6.372853451967239735e-01
6.375651890039444325e-01
6.380550670623779119e-01
6.382051682472229537e-01
6.397142744064331366e-01
6.401595157384872836e-01
6.408190780878066928e-01
6.428370678424835116e-01
6.428964483737945601e-01
6.438313108682632846e-01
6.437317502498626220e-01
6.442069911956787021e-01
6.439697641134262129e-01
6.448641884326934415e-01
6.451188778877258168e-01
6.464976513385772838e-01
6.463583546876907615e-01
6.466773146390915050e-01
6.472488659620284634e-01
6.470269578695296842e-01
6.487300032377243397e-01
6.488977962732315197e-01
6.486031252145767478e-01
6.485761302709579512e-01
6.505149167776107522e-01
6.506835681200027199e-01
6.519486069679260032e-01
6.518691629171371460e-01
6.522321403026580811e-01
6.527481889724731090e-01
6.531491547822951826e-01
6.536454200744629128e-01
6.544023764133453103e-01
6.549667197465897095e-01
6.544631975889205755e-01
6.543176388740539196e-01
6.551907944679260520e-01
6.549562454223633035e-01
6.560880661010741743e-01
6.563546705245971724e-01
6.554962515830993208e-01
6.563804453611373768e-01
6.562941867113113448e-01
6.565438354015350475e-01
6.572940939664840831e-01
6.572585612535476463e-01
6.570069891214370683e-01
6.568794196844101041e-01
6.572775727510452581e-01
6.576563924551009910e-01
6.583689540624618752e-01
6.581110966205596657e-01
6.583008855581283791e-01
6.584097641706466719e-01
6.586707276105880915e-01
6.588117057085036699e-01
6.586902654170989635e-01
6.591161006689071344e-01
6.589201313257216919e-01
6.588826894760131392e-01
6.595483183860778587e-01
6.601186412572860318e-01
6.595775580406189054e-01
6.601492667198181064e-01
6.598446518182754517e-01
6.607569843530655129e-01
6.611432731151580811e-01
6.599575901031493608e-01
6.605362635850906550e-01
6.610368448495864691e-01
6.611002218723297519e-01
6.605836558341979803e-01
6.610269534587860374e-01
6.609909808635712203e-01
6.611692231893538940e-01
6.616241842508315818e-01
6.614178276062011586e-01
6.609146040678024470e-01
6.620143103599548384e-01
6.620537686347961470e-01
6.617253768444061324e-01
6.612274527549744096e-01
6.618899893760681330e-01
6.626201409101486473e-01
6.620831942558288441e-01
6.625432002544403565e-01
6.624758219718933638e-01
6.627366161346435192e-01
6.621527743339538086e-01
6.625166153907775524e-01
6.626399350166320978e-01
6.632961440086364568e-01
6.632944548130035312e-01
6.628403866291046054e-01
6.634135383367538719e-01
6.627465403079986217e-01
6.630839598178863703e-01
6.633149623870849831e-01
6.630108201503753795e-01
6.624686783552169445e-01
6.629402112960814941e-01
6.643694031238556175e-01
6.634941655397414983e-01
6.640882366895675126e-01
6.637366092205048140e-01
6.640194606781005815e-01
6.631154394149780806e-01
6.634710097312926935e-01
6.644742876291275246e-01
6.635227972269057695e-01
6.641366142034530462e-01
6.633639562129974854e-01
6.648126018047332275e-01
6.642909938097000255e-01
6.639324480295181186e-01
6.650363045930862693e-01
6.640954267978668168e-01
6.638940960168838723e-01
6.644791775941848444e-01
6.648076754808426303e-01
6.650847315788268599e-01
6.644450277090072632e-01
6.645353800058364513e-01
6.642252427339553345e-01
6.643760198354721203e-01
6.650415968894958230e-01
6.649373161792755393e-01
6.650503700971603926e-01
6.646819072961807073e-01
6.652991008758545322e-01
6.649922388792037786e-01
6.655642908811568725e-01
6.652562314271927013e-01
6.652678507566451849e-01
6.647460246086120961e-01
6.652436387538910312e-01
6.655554020404815807e-01
6.657647150754928411e-01
6.656199920177460205e-01
6.654329717159270796e-01
6.658631259202957287e-01
6.659750771522522372e-01
6.654639887809753462e-01
6.657694268226623802e-01
6.658318477869034080e-01
6.660329878330231157e-01
6.660486143827438754e-01
6.653153687715530618e-01
6.658250606060027721e-01
6.662234681844710904e-01
6.657984805107116655e-01
6.653522318601607921e-01
6.671339172124862715e-01
6.654191100597381947e-01
6.657350140810013306e-01
6.663642227649688721e-01
6.661523395776748346e-01
6.660895371437072221e-01
6.659886234998703136e-01
6.664061474800110352e-01
6.658938723802566573e-01
6.665051472187042414e-01
6.664017719030380649e-01
6.665836584568023415e-01
6.661410546302795055e-01
6.668358659744262340e-01
6.663892120122909546e-01
6.661775940656662343e-01
6.666143506765365156e-01
6.669022673368454335e-01
6.663629734516143266e-01
6.661597019433975753e-01
6.671008640527724687e-01
6.666915059089660867e-01
6.666556966304778564e-01
6.664120608568191440e-01
6.673143231868743364e-01
6.668519461154938099e-01
6.669138920307159379e-01
6.669282144308090743e-01
6.670518857240677058e-01
6.674222624301910933e-01
6.665372943878173917e-01
6.662915098667144820e-01
6.670550072193145441e-01
6.673006826639175104e-01
6.663259476423263328e-01
6.672748792171477872e-01
6.670588707923889027e-01
6.668378329277038219e-01
6.670548260211944802e-01
6.669535619020462436e-01
6.681078588962554576e-01
6.675091481208801358e-01
6.665068352222442982e-01
6.673278486728668746e-01
6.671159833669662031e-01
6.676309889554977728e-01
6.674546539783478005e-01
6.675407791137695224e-01
6.674109238386154441e-01
6.680279111862182928e-01
6.674831897020340188e-01
6.672425800561905262e-01
6.678291684389114913e-01
6.671865671873092873e-01
6.676494884490966619e-01
6.669414401054382102e-01
6.674436593055724787e-01
6.671806704998016757e-01
6.678044527769089189e-01
6.676936811208724620e-01
6.678698348999023704e-01
6.673426347970962125e-01
6.680209070444107500e-01
6.671789485216140791e-01
6.680076056718826649e-01
6.681673091650008889e-01
6.674316543340682584e-01
6.674765312671661066e-01
6.676786881685257136e-01
6.685474312305450528e-01
6.677038139104842784e-01
6.679237151145934748e-01
6.681094050407410112e-01
6.680114448070526567e-01
6.676796883344650047e-01
6.681113487482071012e-01
6.679240745306015414e-01
6.681324756145476940e-01
6.681608599424362360e-01
6.681704628467559637e-01
6.675768136978149636e-01
6.679345315694809049e-01
6.678278195858001753e-01
6.681064826250076027e-01
6.679314780235290350e-01
6.679788047075271296e-01
6.686745005846023160e-01
6.680629032850265991e-01
6.683706927299499778e-01
6.683320069313049006e-01
6.682805925607681052e-01
6.678960943222045366e-01
6.680536615848541304e-01
6.686604684591292980e-01
6.681961429119109841e-01
6.679418027400970681e-01
6.682480329275131137e-01
6.679633969068526911e-01
6.685388904809951294e-01
6.682815587520599676e-01
6.690203583240509344e-01
6.683679735660552623e-01
6.679618179798125777e-01
6.682074618339538530e-01
6.687235969305038719e-01
6.685871100425719860e-01
6.680173599720000688e-01
6.685673761367797452e-01
6.681864500045776589e-01
6.685979002714157460e-01
6.687833815813064575e-01
6.685432463884353194e-01
6.680207699537277222e-01
6.688222312927245561e-01
6.689773654937744007e-01
6.686501020193099665e-01
6.687503874301909956e-01
6.684165960550307872e-01
6.688579344749450151e-01
6.689500713348388583e-01
6.685119718313217163e-01
6.685309928655623901e-01
6.680604368448257446e-01
6.690901482105254816e-01
6.692581456899643344e-01
6.686233764886856390e-01
6.690732097625732289e-01
6.688027238845825062e-01
6.686463701725006148e-01
6.688253587484359608e-01
6.696097189188003895e-01
6.690749663114547996e-01
6.685539472103119163e-01
6.687705546617508379e-01
6.691941803693771673e-01
6.686900639533996937e-01
6.692742782831192505e-01
6.684498840570449740e-01
6.689255744218826072e-01
6.689441150426864713e-01
6.689854985475540694e-01
6.693914455175399292e-01
6.686874300241469893e-01
6.692472046613693326e-01
6.692686825990676880e-01
6.685159277915954101e-01
6.694334447383880615e-01
6.681768220663070190e-01
6.695376950502395230e-01
6.691838967800139981e-01
6.697652637958526611e-01
6.690759432315825928e-01
6.689114248752594527e-01
6.691403168439865601e-01
6.689815509319305686e-01
6.691848826408386408e-01
6.696038132905960394e-01
6.693339282274246571e-01
6.696029305458068848e-01
6.695868253707886186e-01
6.686734080314635786e-01
6.691825777292251809e-01
6.693892425298690885e-01
6.686256211996078891e-01
6.685532951354979936e-01
6.698271143436431707e-01
6.692710143327712524e-01
6.686184585094452348e-01
6.696253824234008611e-01
6.696458107233047574e-01
6.700707948207855758e-01
6.687118130922317105e-01
6.694545108079910101e-01
6.694432550668716342e-01
6.693811100721359653e-01
6.694872349500655684e-01
6.694921416044234963e-01
6.691531252861022683e-01
6.694149690866469937e-01
6.697269570827484308e-01
6.695877742767334384e-01
6.694868427515029419e-01
6.696957248449325606e-01
6.695873904228210050e-01
6.689001220464706465e-01
6.695349735021590698e-01
6.701033854484558239e-01
6.703446984291077104e-01
6.695733803510666160e-01
6.699308353662490889e-01
6.689389002323150590e-01
6.689114749431610552e-01
6.696392911672591763e-01
6.690915757417679188e-01
6.696381026506423861e-01
6.698314094543457164e-01
6.699050438404082763e-01
6.702855950593948897e-01
6.693641471862793457e-01
6.698934555053710493e-01
6.696052682399750156e-01
6.692328351736068770e-01
6.696350520849227994e-01
6.702955567836761386e-01
6.693612951040267545e-01
6.695107376575469837e-01
6.699764877557754517e-01
6.697114342451095936e-01
6.699485397338866832e-01
6.701586216688155684e-01
6.696644264459610252e-01
6.696489292383194236e-01
6.704679495096206310e-01
6.694622796773910256e-01
6.696766477823257180e-01
6.695809662342071533e-01
6.701138263940811246e-01
6.700744867324829324e-01
6.701277643442153931e-01
6.701240366697311934e-01
6.697307646274566206e-01
6.700910818576812922e-01
6.701384407281875122e-01
6.700372630357742665e-01
6.696909302473068593e-01
6.693779367208481101e-01
6.706353986263274836e-01
6.706847000122070357e-01
6.693762189149856656e-01
6.698457139730453758e-01
6.701212108135223833e-01
6.700142210721969915e-01
6.696774500608444480e-01
6.704228150844574463e-01
6.701994925737381203e-01
6.701673310995102106e-01
6.703248047828673783e-01
6.703016513586044223e-01
6.698056244850159047e-01
6.692901873588561479e-01
6.705873197317123724e-01
6.705930250883102017e-01
6.705833244323730069e-01
6.702788025140762329e-01
6.701174223423004284e-01
6.702761930227280063e-01
6.700471788644790649e-01
6.706823801994323819e-01
6.695617765188217607e-01
6.708411979675292791e-01
6.701428526639938710e-01
6.701987904310225952e-01
6.710701340436935336e-01
6.706530737876892356e-01
6.701959502696991366e-01
6.698830574750900269e-01
6.700822442770004717e-01
6.702997869253158880e-01
6.704247593879699707e-01
6.700229358673095437e-01
6.703062033653259810e-01
6.709858244657516124e-01
6.704695236682891579e-01
6.703943639993668047e-01
6.703061103820801003e-01
6.709526449441909346e-01
6.704650133848190086e-01
6.707238918542861583e-01
6.704775178432464955e-01
6.700825518369675216e-01
6.703802573680878174e-01
6.707548165321349787e-01
6.707687860727310492e-01
6.707685452699660988e-01
6.703922438621521263e-01
6.710023349523543956e-01
6.706112682819366233e-01
6.712725895643234519e-01
6.703628879785538119e-01
6.711723673343658048e-01
6.699383836984634799e-01
6.708242362737655284e-01
6.704531317949294911e-01
6.704929637908935147e-01
6.710557806491851407e-01
6.710303789377212169e-01
6.709108865261077526e-01
6.706039410829544023e-01
6.711672514677047285e-01
6.710876286029815452e-01
6.708984333276748480e-01
6.709828847646712724e-01
6.714807230234146607e-01
6.709940350055694225e-01
6.702746307849883900e-01
6.705731934309006048e-01
6.707680052518845137e-01
6.716228735446929665e-01
6.703474336862563776e-01
6.713685119152068559e-01
6.705800205469131248e-01
6.713674831390380460e-01
6.707379293441771972e-01
6.707907623052596913e-01
6.715561419725417647e-01
6.716691136360168901e-01
6.708977127075195224e-01
6.712358510494231822e-01
6.712376415729522927e-01
6.705925405025482400e-01
6.712836277484893754e-01
6.717079019546509100e-01
6.710994952917098688e-01
6.714747554063796864e-01
6.716336792707443548e-01
6.708062148094177113e-01
6.712114155292511208e-01
6.708981168270110595e-01
6.708355510234832453e-01
6.719895654916763217e-01
6.713788372278213235e-01
6.714420181512832375e-01
6.719622379541396739e-01
6.709184473752975997e-01
6.715934348106383789e-01
6.714916259050369707e-01
6.707143300771712946e-01
6.707232278585434360e-01
6.718150550127028886e-01
6.711885660886764970e-01
6.711013811826705977e-01
6.715938693284988492e-01
6.714782726764678689e-01
6.710210192203521773e-01
6.716688853502273959e-01
6.714531087875366122e-01
6.708071696758269864e-01
6.709590446949005305e-01
6.711206966638565419e-01
6.716592252254486306e-01
6.721420025825500799e-01
6.711282902956008378e-01
6.716272842884063454e-01
6.711649525165558350e-01
6.721193718910217774e-01
6.716155910491943271e-01
6.716991984844207231e-01
6.716589087247848422e-01
6.714963376522063987e-01
6.715252292156219660e-01
6.721048480272293624e-01
6.714387142658233554e-01
6.714683979749679343e-01
6.707836800813674616e-01
6.716679233312606856e-01
6.717161476612091286e-01
6.723031234741211337e-01
6.718807381391525002e-01
6.717224121093750000e-01
6.715115016698837147e-01
6.718721151351928489e-01
6.715027338266372769e-01
6.718462723493575650e-01
6.721188062429428456e-01
6.713363313674927113e-01
6.720123589038848877e-01
6.713323992490768388e-01
6.715268927812576560e-01
6.715566903352737649e-01
6.718925273418426825e-01
6.726810288429260209e-01
6.713466161489486383e-01
6.723727798461913707e-01
6.718302345275879439e-01
6.718978911638260332e-01
6.713223630189895097e-01
6.716036742925644010e-01
6.727657103538513539e-01
6.715159302949905706e-01
6.715612065792083696e-01
6.718573111295700340e-01
6.717325592041015758e-01
6.712004482746124490e-01
6.721854579448699463e-01
6.719372385740279841e-01
6.726644080877304255e-01
6.715250062942504927e-01
6.722340548038482355e-01
6.714211213588714422e-01
6.721035623550415394e-01
6.719306200742721780e-01
6.718800550699234320e-01
6.715145325660705211e-01
6.721222519874572310e-01
6.718668955564498502e-01
6.719984948635101540e-01
6.719306337833405030e-01
6.726217788457869995e-01
6.717542290687561479e-01
6.718742841482162609e-01
6.724332839250564131e-01
6.717773240804671975e-01
6.715354973077773959e-01
6.720349913835526046e-01
6.720849239826202082e-01
6.721181780099868552e-01
6.723738121986388983e-01
6.722503310441970692e-01
6.718811374902725619e-01
6.719205397367477017e-01
6.719337612390517966e-01
6.729998493194579989e-01
6.719724810123444136e-01
6.722184300422668901e-01
6.724231958389281782e-01
6.723744869232177734e-01
6.715416830778121460e-01
6.722399586439132824e-01
6.728047305345534745e-01
6.724175792932510776e-01
6.719675445556640980e-01
6.717174124717711914e-01
6.717956829071044522e-01
6.722250068187713978e-01
6.726702886819839744e-01
6.721700155735015336e-01
6.724704110622405917e-01
6.724645060300826760e-01
6.720275443792342873e-01
6.724335336685181019e-01
6.720355510711669700e-01
6.722619384527206421e-01
6.717489272356033103e-01
6.715587395429610806e-01
6.726999258995056685e-01
6.728657746315002131e-01
6.722098726034164695e-01
6.720711392164230302e-01
6.718641299009323609e-01
6.724739748239517700e-01
6.722684228420257035e-01
6.724124145507812678e-01
6.722002935409545632e-01
6.727437895536422241e-01
6.723956006765365867e-01
6.726052582263946089e-01
6.719011217355728149e-01
6.722981351613998013e-01
6.725579327344894942e-01
6.727084219455718994e-01
6.719129663705826205e-01
6.726046502590179443e-01
6.728442889451980991e-01
6.725119125843047607e-01
6.719946998357773094e-01
6.717016750574111850e-01
6.727972453832626876e-01
6.723560601472854392e-01
6.725097823143005860e-01
6.724980103969574463e-01
6.724332529306411566e-01
6.725193810462951616e-01
6.721272587776183638e-01
6.727962410449981334e-01
6.724306237697601496e-01
6.727797818183899325e-01
6.724884510040283203e-01
6.728467059135436745e-01
6.724219381809234397e-01
6.718068706989288597e-01
6.728210180997848955e-01
6.724044412374496904e-01
6.727414256334305342e-01
6.724862349033355891e-01
6.727777409553528098e-01
6.726468849182128951e-01
6.721650469303130926e-01
6.718707144260406272e-01
6.732813227176666082e-01
6.724918740987777532e-01
6.723153668642044556e-01
6.732939511537552324e-01
6.731893092393874678e-01
6.719527000188827426e-01
6.722212690114974798e-01
6.727132171392440352e-01
6.731324160099029230e-01
6.729012298583983975e-01
6.724464553594589056e-01
6.723619306087493808e-01
6.722441011667251720e-01
6.731008559465407881e-01
6.730725294351578292e-01
6.724022454023361739e-01
6.723706036806106345e-01
6.725913959741592896e-01
6.726246714591980203e-01
6.723699229955673040e-01
6.725697302818298695e-01
6.730856186151504827e-01
6.724111908674239579e-01
6.728983992338180009e-01
6.722705376148223610e-01
6.730576044321060492e-01
6.725731575489044545e-01
6.725450909137725697e-01
6.733827024698257890e-01
6.724169480800629151e-01
6.730711382627486694e-01
6.726764702796935724e-01
6.729397249221801269e-01
6.722049415111541748e-01
6.732176458835601451e-01
6.725222593545914229e-01
6.733574283123016091e-01
6.723473650217056674e-01
6.724414968490600719e-01
6.725541031360626754e-01
6.726456707715988692e-01
6.734686005115508856e-01
6.725185114145278975e-01
6.729514902830123768e-01
6.735061383247376021e-01
6.725663363933562788e-01
6.726094257831572998e-01
6.729346418380737216e-01
6.729223906993866411e-01
6.727943682670592951e-01
6.735742759704589355e-01
6.728364813327789573e-01
6.726370942592621027e-01
6.728541433811188188e-01
6.727345365285873902e-01
6.733029907941818770e-01
6.726687699556350708e-01
6.727276998758315862e-01
6.732433021068573442e-01
6.729475963115691961e-01
6.729078739881515503e-01
6.729707080125808538e-01
6.732954186201095537e-01
6.728791624307632890e-01
6.729304659366607266e-01
6.732388943433761375e-01
6.727724575996398837e-01
6.727926659584045899e-01
6.729057925939559981e-01
6.730237704515457109e-01
6.729375189542770030e-01
6.731636661291122703e-01
6.734730875492096480e-01
6.724022322893142833e-01
6.728426837921142045e-01
6.729636830091476618e-01
6.735431915521621349e-01
6.731552958488464800e-01
6.728380417823791593e-01
6.731486189365386563e-01
6.731929892301559137e-01
6.726084917783736739e-01
6.734476971626282005e-01
6.726823145151138439e-01
6.729660606384277877e-01
6.731235033273696988e-01
6.731960302591324385e-01
6.735510545969009000e-01
6.728297662734985529e-01
6.731021660566329778e-01
6.729530787467956632e-01
6.732737451791763750e-01
6.725342458486557318e-01
6.739230459928512440e-01
6.732642501592636108e-01
6.736534261703490678e-01
6.732078105211257713e-01
6.725311523675918668e-01
6.727985668182373535e-01
6.728105586767196833e-01
6.726936739683151423e-01
6.726966995000839278e-01
6.736164873838424993e-01
6.736357033252715620e-01
6.738041722774505971e-01
6.730539178848267134e-01
6.726202112436294733e-01
6.730514484643935758e-01
6.731796139478682939e-01
6.731305968761444047e-01
6.733947062492370295e-01
6.727760875225067272e-01
6.729867345094681097e-01
6.737335318326950206e-01
6.733534532785415694e-01
6.731407135725021584e-01
6.730863684415817616e-01
6.733218705654144820e-01
6.728821158409118430e-01
6.734814494848251343e-01
6.732753443717957031e-01
6.733910620212555376e-01
6.725095331668853316e-01
6.727829724550247192e-01
6.733354949951171342e-01
6.730277240276336670e-01
6.734940302371978937e-01
6.731905132532119973e-01
6.729835188388824108e-01
6.729508644342422352e-01
6.741795074939728183e-01
6.733287167549133478e-01
6.731056237220763849e-01
6.728938555717468573e-01
6.732616537809371637e-01
6.730612576007842796e-01
6.729945021867752564e-01
6.740835815668105857e-01
6.734673720598221003e-01
6.735305821895599676e-01
6.734707301855087369e-01
6.729287213087081776e-01
6.738900375366211337e-01
6.732369500398636131e-01
6.734016323089599965e-01
6.729580152034759788e-01
6.736275357007980302e-01
6.730191123485564919e-01
6.730485361814498857e-01
6.732230681180954024e-01
6.738023728132247481e-01
6.734483212232589278e-01
6.736850690841674760e-01
6.728098315000533569e-01
6.734394991397857355e-01
6.733208543062210172e-01
6.734858143329620628e-01
6.730790108442306074e-01
6.735460722446441340e-01
6.726683253049849931e-01
6.732966971397399414e-01
6.738126748800277177e-01
6.740689599514007035e-01
6.733503073453903642e-01
6.728229171037674039e-01
6.735675007104873213e-01
6.740093833208083973e-01
6.736089926958084284e-01
6.733494645357132047e-01
6.736366051435470625e-01
6.732746732234954345e-01
6.735562276840210139e-01
6.736955666542052690e-01
6.733626067638397439e-01
6.738783133029937478e-01
6.735275036096572965e-01
6.728794658184051869e-01
6.734855276346206621e-01
6.737388640642165694e-01
6.739637738466263128e-01
6.730805659294127885e-01
6.732888144254683960e-01
6.738506281375884477e-01
6.728780686855315718e-01
6.739264076948165982e-01
6.732377994060516624e-01
6.737477153539657149e-01
6.730657416582107588e-01
6.735808402299880981e-01
6.740804105997085793e-01
6.730850791931152211e-01
6.731139659881592019e-01
6.731588357686996149e-01
6.741272121667861716e-01
6.735114276409148726e-01
6.742125338315964056e-01
6.736889570951462014e-01
6.728479772806167380e-01
6.735220575332641069e-01
6.736175024509429843e-01
6.729787975549698098e-01
6.736133164167403820e-01
6.731246364116668657e-01
6.742718982696532803e-01
6.734948968887328746e-01
6.736761385202407748e-01
6.739735007286071777e-01
6.738521200418472468e-01
6.731451314687728615e-01
6.733919614553451893e-01
6.740114319324493897e-01
6.735038208961486861e-01
6.737313145399093095e-01
6.733523613214492665e-01
6.733429223299026711e-01
6.732309198379516912e-01
6.736780065298080267e-01
6.737272435426712169e-01
6.743445742130279585e-01
6.732618772983550715e-01
6.736719185113906327e-01
6.738125038146972612e-01
6.739422672986984386e-01
6.734980201721191273e-01
6.737576931715011375e-01
6.736070865392684848e-01
6.740075188875198631e-01
6.735640120506286577e-01
6.739149349927902044e-01
6.734800636768341064e-01
6.737585592269897949e-01
6.735520672798156472e-01
6.736928659677505760e-01
6.739694988727569225e-01
6.744561678171158148e-01
6.738473457098007602e-01
6.737313556671142845e-01
6.731882631778717263e-01
6.730953913927077981e-01
6.737240284681320635e-01
6.733686167001724510e-01
6.743302267789840210e-01
6.740159147977828891e-01
6.734508007764816728e-01
6.733788824081421431e-01
6.739348113536834939e-01
6.734214842319488081e-01
6.743794411420822588e-01
6.736153334379195723e-01
6.735909318923950506e-01
6.744606560468673351e-01
6.740322715044021473e-01
6.733242428302764759e-01
6.740314221382140980e-01
6.740807741880416870e-01
6.742605102062225741e-01
6.738137012720107899e-01
6.733004903793334828e-01
6.733247739076614335e-01
6.732420194149016934e-01
6.737430506944656061e-01
6.740878868103027388e-01
6.742543786764144675e-01
6.738096308708191318e-01
6.734828370809554654e-01
6.738666611909865933e-01
6.741363120079040261e-01
6.740635681152343794e-01
6.738835066556930764e-01
6.745729798078536898e-01
6.739739120006561501e-01
6.738770627975463334e-01
6.736859774589538663e-01
6.733234810829162864e-01
6.738223999738692793e-01
6.741662925481796131e-01
6.739956194162368686e-01
6.733769071102142512e-01
6.737751811742782593e-01
6.739219200611114013e-01
6.737372821569442838e-01
6.737953716516494884e-01
6.739119279384613304e-01
6.740970742702484531e-01
6.736329579353332875e-01
6.741898518800735207e-01
6.740053236484527810e-01
6.738017904758453192e-01
6.738024187088013095e-01
6.733114910125732600e-01
6.738525080680847212e-01
6.740421605110168413e-01
6.741992241144180165e-01
6.735543978214263428e-01
6.740123063325882402e-01
6.743267774581909180e-01
6.741005283594131425e-01
6.739740371704101562e-01
6.734990322589874401e-01
