4.088054671883583312e-03
-2.107599230483174491e-02
-7.311410587280988554e-03
-2.038311028853058773e-02
-3.845509644597768818e-03
-2.495979456230998025e-02
-4.361778646707534929e-03
-1.662773502059280983e-02
-1.007108343765139580e-02
-1.775918649509549210e-02
-2.810754961334168897e-02
-2.270515523850917886e-02
-3.110418277792632510e-02
-1.902143645100295641e-02
-2.273472555913031226e-02
-2.196754496078938412e-02
-1.895089064724743422e-02
-1.814451144076883668e-02
-1.930506501346826442e-02
-1.864755585324019346e-02
-1.626711151562630978e-02
-1.648261798080057072e-02
-1.358226323965936941e-02
-1.401021699886769063e-02
-1.376547533553093734e-02
-1.387458282988518476e-02
-1.204253593226894785e-02
-1.481058137491345419e-02
-1.352395410649478470e-02
-1.023708217311650528e-02
-1.240535348653793411e-02
-1.022393406368792002e-02
-1.023805388715118107e-02
-1.167589475866407170e-02
-1.088026125449687194e-02
-9.429127431358210257e-03
-1.074993736110627617e-02
-1.116756634321063729e-02
-1.049382641911506681e-02
-9.471198751125484844e-03
-9.120843163691461433e-03
-1.131656047888100064e-02
-9.183726718183606030e-03
-1.070348103763535570e-02
-9.340022562537343004e-03
-1.026895102113485267e-02
-7.803194667212664734e-03
-8.712027973961084318e-03
-9.235749174840747477e-03
-9.171742671169340680e-03
-7.637560912407934631e-03
-7.183171720243990664e-03
-8.426495820749550780e-03
-7.361858636140822948e-03
-8.673617022577673891e-03
-8.067434993572533339e-03
-7.319931507809087322e-03
-7.689457103842869436e-03
-8.721612207591534355e-03
-6.246792566962540427e-03
-6.832421827130019838e-03
-6.347623839974403555e-03
-7.190454418305307696e-03
-6.258284335490316326e-03
-6.806720031891018083e-03
-6.507544317282736197e-03
-5.927910956088453844e-03
-8.069993653334677289e-03
-7.180097606033086430e-03
-7.257310964632779360e-03
-8.119836749974638015e-03
-6.031950982287525957e-03
-6.984454495832324167e-03
-5.043311293702572654e-03
-7.137333189602941032e-03
-6.753508464898913717e-03
-5.555194541811942811e-03
-7.221459159627557217e-03
-6.485099364072084357e-03
-6.510169692337513386e-03
-5.602407532278448100e-03
-6.513342461548745493e-03
-6.725936511065811266e-03
-5.361517788842320130e-03
-6.510380953550339023e-03
-6.564390852581709901e-03
-5.953292672056704343e-03
-5.770338936708867446e-03
-6.068225372582673922e-03
-5.903168212389573247e-03
-5.467622401192783962e-03
-6.021663141436875248e-03
-4.682694151997565842e-03
-5.468551979865878855e-03
-6.248467937111854865e-03
-6.502245813608169799e-03
-5.387704645982011910e-03
-7.129211802966892511e-03
-3.737113678362220370e-03
-7.192122878041118557e-03
-4.935401079710573062e-03
-5.506631243042648186e-03
-5.201166936312801720e-03
-5.205888607306406214e-03
-5.365883604390546402e-03
-5.682964844163506876e-03
-5.762628081720322024e-03
-5.969410733086988330e-03
-4.911434443201869414e-03
-5.963387119118123900e-03
-5.878517273813486411e-03
-4.839260263834148715e-03
-6.032686803955585042e-03
-5.178681456018238878e-03
-4.391252077184617207e-03
-5.786007000133395160e-03
-6.064354538684710652e-03
-6.603915288578719213e-03
-6.501050801016389907e-03
-5.520337707130238206e-03
-5.119035170646384254e-03
-5.301144322147593145e-03
-5.649351466563530370e-03
-6.710274583892897153e-03
-6.676122203934937993e-03
-5.039577069692313498e-03
-4.934064906556159293e-03
-5.525750934612006122e-03
-5.015488410135731170e-03
-4.655318094883113822e-03
-4.771330120274796908e-03
-4.454583926126361171e-03
-5.032524095149711052e-03
-4.338444417808205028e-03
-5.714687259169295812e-03
-6.197570061776787147e-03
-6.606182745890691599e-03
-4.723339565098285883e-03
-5.002466842997818804e-03
-5.526999697322025965e-03
-5.149128481280058553e-03
-4.835193727631121804e-03
-4.871807741001248776e-03
-5.320352409034967769e-03
-4.727768948068842431e-03
-4.859376538079231665e-03
-4.022733491146937047e-03
-4.260682221502065832e-03
-4.523200241383164982e-03
-4.964158809743821239e-03
-5.136928570573217820e-03
-4.372836985858157000e-03
-4.249857665272429273e-03
-4.141204351326450463e-03
-5.120385423651896417e-03
-5.580424158833921337e-03
-5.236187643604352758e-03
-6.196742857573553712e-03
-5.444636330939829454e-03
-4.288416311610489771e-03
-5.233729088213294640e-03
-6.009815981378778538e-03
-4.560406198725104436e-03
-3.586453658062964660e-03
-4.303998225368559603e-03
-3.494778426829725677e-03
-4.212561568710953414e-03
-4.093575265724212070e-03
-4.569020234048366651e-03
-4.319861372932791779e-03
-5.187505248468369384e-03
-4.962856100173666969e-03
-4.983235651161521326e-03
-3.964830581098794868e-03
-4.038072787225246117e-03
-4.683333385037258614e-03
-3.953853833954781329e-03
-3.408705777255818456e-03
-4.508201205171644306e-03
-4.474783744663000072e-03
-4.618896880419925272e-03
-3.666140758432447945e-03
-4.961063327500596885e-03
-3.390941694378852775e-03
-4.529719513375312506e-03
-4.373251684010029047e-03
-4.400752151850611041e-03
-4.450374753214418784e-03
-4.658565291902050202e-03
-4.289965111529454693e-03
-3.901647669263184209e-03
-4.582159552956000144e-03
-4.557932848110794917e-03
-4.722432872513309364e-03
-4.596981948707252498e-03
-5.167728964006528154e-03
-4.620102706830948869e-03
-5.819007112877443676e-03
-5.062464424408972402e-03
-4.573964626761153202e-03
-4.802273118402808523e-03
-4.211091806646436418e-03
-3.459283706033602305e-03
-5.114328834461048454e-03
-4.414283817168324943e-03
-4.375406483886763211e-03
-3.606876125559210777e-03
-3.653133995831012518e-03
-3.570521029178053314e-03
-4.064662466989829755e-03
-4.250699297990649661e-03
-3.895516420016065240e-03
-3.337176355998963239e-03
-4.954064365010708501e-03
-4.853705349378287411e-03
-4.004222507355734671e-03
-3.876399353612214153e-03
-3.207604951458051853e-03
-4.832520666532218179e-03
-3.690763956401497178e-03
-4.020362839801236779e-03
-3.199074462172575486e-03
-4.439163468778133809e-03
-3.948921144474298178e-03
-3.561096843332052335e-03
-4.251333259744569971e-03
-3.373838963452726551e-03
-3.978105440037325163e-03
-3.943523661000654379e-03
-3.433533159550279570e-03
-4.503155304118991280e-03
-3.388147331424988789e-03
-3.561163953272625769e-03
-3.165437500574626133e-03
-4.531103679328225484e-03
-3.176255009602755447e-03
-3.916680911206640164e-03
-3.235322182299569214e-03
-4.657150222919880997e-03
-3.935599722317419981e-03
-3.582341742003336549e-03
-3.099194994429126278e-03
-5.140360369114205415e-03
-3.446016421075910347e-03
-4.634633127134293526e-03
-3.959930288838222831e-03
-3.362041237996890933e-03
-4.194457624107599328e-03
-4.048861964838579644e-03
-3.985718499170616373e-03
-4.978046830510720819e-03
-2.855916080297902018e-03
-3.310133611666969938e-03
-4.149851207621395310e-03
-3.514149468392133505e-03
-4.347521098097785995e-03
-4.667644681176170464e-03
-4.243069854564965153e-03
-3.808696318883449030e-03
-3.691271581919863733e-03
-3.820284810499288090e-03
-4.308850374072790458e-03
-2.975183689268305794e-03
-3.963375920429825991e-03
-4.028429631725885182e-03
-2.845891875913366710e-03
-3.780176319996826455e-03
-4.012891039019450198e-03
-3.107056536246091336e-03
-3.291767023038119286e-03
-4.066513404250144542e-03
-4.014557287446223269e-03
-3.921809928724542642e-03
-3.994207056239247253e-03
-3.692220203811302868e-03
-3.444934417493641411e-03
-3.569213754963129672e-03
-3.947782852919772510e-03
-3.589981038821860992e-03
-4.201351157971658194e-03
-3.364032559329643672e-03
-3.446565301856026244e-03
-3.659740793518721953e-03
-3.603405376197770047e-03
-3.403033823706209764e-03
-3.451842891518026608e-03
-3.392324914457276342e-03
-3.462648467975668661e-03
-3.179695981089025736e-03
-3.550758726778440160e-03
-3.112394752388354408e-03
-3.515055188909173029e-03
-3.753623366937972397e-03
-3.645785910775885177e-03
-3.511497566942125767e-03
-4.171542007243260984e-03
-4.576446193968877058e-03
-3.415473100030794879e-03
-3.199507847893983195e-03
-3.135710764909163239e-03
-3.903757199877873254e-03
-3.652781334239989328e-03
-3.484772495576180483e-03
-3.880288648651912965e-03
-4.246224522357806147e-03
-4.040415014023892616e-03
-4.281124620465561609e-03
-3.276524257962592102e-03
-3.383584144758060384e-03
-3.532008166657760618e-03
-3.178919778438284854e-03
-3.494943098630756261e-03
-3.895087944110855668e-03
-4.091918538324535067e-03
-4.382817875593900993e-03
-3.907403309131041343e-03
-4.660038214642554626e-03
-2.642079690704122238e-03
-4.064198532141745368e-03
-4.157815470825880488e-03
-3.556234412826597691e-03
-3.469018725445493969e-03
-3.787997688632458327e-03
-3.268014867790043458e-03
-2.829627321334555676e-03
-3.573189113521948405e-03
-3.666761377826332872e-03
-3.771857068641111446e-03
-3.572001376887783564e-03
-3.563931873068213428e-03
-3.614148022606969001e-03
-4.322879159590229010e-03
-4.219878136646002496e-03
-4.105649413540959566e-03
-3.410197334596887318e-03
-4.263709366787224800e-03
-4.468628704198635698e-03
-3.618472457164898567e-03
-3.533007163787260565e-03
-3.472796679707243830e-03
-3.288013931887690065e-03
-3.539618951035663433e-03
-2.891723975772037946e-03
-3.369404237018898320e-03
-3.195113445399329257e-03
-3.660316218156367367e-03
-3.477431765059009212e-03
-2.236009645275771791e-03
-3.160353273851797002e-03
-3.018980572815053304e-03
-3.840650671627372347e-03
-3.262391722528264117e-03
-3.123204077128320742e-03
-3.353349082171917100e-03
-3.533183375839144165e-03
-3.055893151322379604e-03
-2.902558961650356529e-03
-3.274101293645799264e-03
-2.987937456928193604e-03
-3.727121731499210069e-03
-3.051948604988865502e-03
-3.150492006679996796e-03
-3.214680534438229924e-03
-2.571103632217273255e-03
-3.018122458597645354e-03
-2.726755038020201114e-03
-3.491200614953413571e-03
-3.306205307599157078e-03
-3.189299457008019142e-03
-3.368895900202915038e-03
-3.443953876267187315e-03
-3.088417020626366052e-03
-2.843010795186273580e-03
-2.982119549997150777e-03
-2.659973541740327883e-03
-3.584551600506529108e-03
-3.452595876296982169e-03
-3.657236959552392312e-03
-2.996740210801362818e-03
-3.257328186882659828e-03
-3.270539682125672611e-03
-3.355329851619899377e-03
-3.419995780568569742e-03
-3.452606716891750815e-03
-2.882472716737538750e-03
-3.387389187701046311e-03
-3.581219974439591152e-03
-2.838268888881429960e-03
-3.033844908932223708e-03
-2.984054595581256061e-03
-3.339161155745387285e-03
-2.908072908176109229e-03
-4.020715637598187148e-03
-4.591733530396595320e-03
-3.769312611548229948e-03
-3.167739251512102956e-03
-2.583121894858777644e-03
-3.281478041317313719e-03
-3.266548345563933132e-03
-3.354244211222976325e-03
-2.812669327249750582e-03
-2.887814296409487932e-03
-3.060928006889298680e-03
-3.309209144208580429e-03
-2.431402145884930914e-03
-2.663656217046081985e-03
-3.552882872172631254e-03
-2.845237565925344807e-03
-2.422138121910393134e-03
-2.889187975670210948e-03
-3.403614124981686577e-03
-2.589933011331595376e-03
-3.398263501003384503e-03
-2.296394278819207085e-03
-2.868337599793449166e-03
-3.379769870080053928e-03
-3.283983832225203549e-03
-3.712579695275053382e-03
-3.464159181166905771e-03
-2.295856009004637512e-03
-3.107904094504192541e-03
-2.765424327808432142e-03
-3.363113812520168808e-03
-2.852492352249100856e-03
-3.074695385294035077e-03
-2.717135209823027305e-03
-2.876376690692268503e-03
-2.380924773169681465e-03
-2.962072641821578145e-03
-3.154569650068879232e-03
-3.239275699597783578e-03
-2.974815842462703776e-03
-2.635171579313464341e-03
-2.456989339552819590e-03
-3.088452558149583620e-03
-2.715631873579696029e-03
-3.056700869346968847e-03
-3.369827485294081115e-03
-2.907854760996997270e-03
-3.531392547884024558e-03
-2.684641394298523717e-03
-3.063143179751932465e-03
-3.275751460460014659e-03
-3.566154828295111517e-03
-2.702528021764010347e-03
-3.157345135696232232e-03
-2.120359700638800929e-03
-3.450185137335211056e-03
-2.692405272973701514e-03
-2.767374271061271481e-03
-2.613278523785993439e-03
-3.197322527994401944e-03
-2.818724001990631067e-03
-3.448164829169399898e-03
-2.191864154301583628e-03
-3.530334688839502789e-03
-3.049640381359495361e-03
-2.520934647182002716e-03
-2.438240146730095027e-03
-3.147600340307690411e-03
-2.382381731295026960e-03
-2.347800084389746206e-03
-3.261825408553704637e-03
-3.438930361880920827e-03
-3.318122366908937866e-03
-3.118293583393097132e-03
-3.543067880091257255e-03
-3.542566044488921692e-03
-2.468511324841529166e-03
-2.779481752077117476e-03
-2.829753399128094246e-03
-2.518682482186705013e-03
-2.783617361565120674e-03
-2.816985893296077882e-03
-2.420976468711160193e-03
-2.873817497165873439e-03
-2.939683253644034388e-03
-2.992666120408102922e-03
-3.164258128963410785e-03
-2.882003235863521591e-03
-2.542581994784996052e-03
-2.744750522542744979e-03
-3.707666160771623098e-03
-3.369687612866982974e-03
-2.924513223697431351e-03
-2.690618921769782988e-03
-2.846115037100389791e-03
-2.729051318019628559e-03
-2.541393766878172807e-03
-3.065397734753787413e-03
-2.513307103072293103e-03
-2.580487716477364215e-03
-2.803194920415990124e-03
-2.515707526472397201e-03
-2.447394071496091904e-03
-3.084649889497086302e-03
-2.834554634173400839e-03
-3.024493711418472369e-03
-3.198491394286975386e-03
-3.402572107734158809e-03
