5.285795551538466919e-01
5.491824537515640481e-01
5.562935340404510098e-01
5.612495964765549239e-01
5.598685741424560547e-01
5.667303240299225164e-01
5.716212499141692938e-01
5.747377765178680598e-01
5.819399976730346147e-01
5.905453252792358665e-01
6.008513772487640292e-01
6.099563610553740967e-01
6.123062896728516113e-01
6.199859386682510243e-01
6.239098381996154297e-01
6.289411550760268810e-01
6.300672781467437922e-01
6.305224412679671930e-01
6.301024055480957120e-01
6.329692041873932196e-01
6.330952942371368408e-01
6.353150641918182684e-01
6.364680790901183771e-01
6.367257511615753707e-01
6.382564240694046376e-01
6.384233105182647305e-01
6.400888669490814031e-01
6.406836831569671098e-01
6.414031183719635099e-01
6.433972549438476962e-01
6.429333478212356789e-01
6.451445996761322466e-01
6.447406524419784235e-01
6.458746957778930264e-01
6.468127143383025635e-01
6.461199516057968273e-01
6.481739258766174849e-01
6.481496131420135809e-01
6.480830705165863126e-01
6.496928703784942138e-01
6.487270790338516280e-01
6.487846773862838701e-01
6.507116109132766724e-01
6.508057433366775113e-01
6.521574997901916637e-01
6.507078158855438277e-01
6.512563240528106423e-01
6.522152131795883045e-01
6.499124115705490201e-01
6.529948961734771684e-01
6.538974446058273271e-01
6.530306130647659524e-01
6.522662186622619762e-01
6.517981070280075562e-01
6.514626753330230446e-01
6.528156071901320967e-01
6.541310513019561457e-01
6.543105059862136530e-01
6.540791016817092407e-01
6.551434612274169567e-01
6.556323421001434282e-01
6.544335359334945146e-01
6.542164218425751132e-01
6.535675084590911732e-01
6.546323972940445435e-01
6.556356871128081742e-01
6.549723505973815696e-01
6.512192714214325440e-01
6.549633580446243553e-01
6.544143038988113892e-01
6.540842801332473755e-01
6.530776369571685835e-01
6.556882977485656294e-01
6.561976015567779763e-01
6.537669730186462802e-01
6.547875100374221935e-01
6.548464030027389970e-01
6.554425501823425426e-01
6.542740988731384766e-01
6.565723586082458096e-01
6.569500702619552879e-01
6.559524834156036377e-01
6.573129665851592529e-01
6.564403551816940796e-01
6.571907478570938599e-01
6.567384427785873946e-01
6.534468621015548928e-01
6.561228781938552856e-01
6.573020803928375511e-01
6.565030002593994496e-01
6.578877747058868852e-01
6.574356794357300027e-01
6.529359585046767833e-01
6.539967197179794578e-01
6.519737732410431086e-01
6.544043171405792281e-01
6.556325662136077703e-01
6.563287883996963279e-01
6.576725435256958185e-01
6.570647859573364169e-01
6.573504233360289994e-01
6.575799083709716886e-01
6.588206881284713878e-01
6.587739455699920255e-01
6.581623268127441140e-01
6.590397816896438332e-01
6.570758432149886863e-01
6.565402114391326593e-01
6.576041924953460738e-01
6.586778736114502486e-01
6.563136059045792114e-01
6.574404269456863847e-01
6.583250582218169722e-01
6.592118990421295122e-01
6.582798624038695978e-01
6.570165520906448009e-01
6.572024190425872492e-01
6.585998076200485496e-01
6.586907869577407482e-01
6.590627914667129827e-01
6.591787439584732011e-01
6.580787950754165561e-01
6.577341914176940696e-01
6.506549108028412132e-01
6.553466588258742842e-01
6.576261931657790827e-01
6.578282827138900446e-01
6.583049142360687389e-01
6.590179163217544378e-01
6.591292989253997314e-01
6.580637335777282937e-01
6.589027321338654097e-01
6.590886461734771773e-01
6.571225982904433938e-01
6.575179398059844971e-01
6.574224609136581909e-01
6.561372965574264748e-01
6.578839886188506680e-01
6.583359199762344183e-01
6.594613730907440408e-01
6.601528382301330433e-01
6.577286857366562156e-01
6.591243445873260498e-01
6.596345436573028964e-01
6.605664622783661288e-01
6.601175254583359076e-01
6.602310079336166648e-01
6.602079916000366255e-01
6.603020036220550448e-01
6.593046933412551880e-01
6.596769505739211725e-01
6.604221683740615356e-01
6.598915380239486206e-01
6.608361518383025768e-01
6.547952914237975541e-01
6.536459147930144820e-01
6.565158975124358864e-01
6.573539268970489680e-01
6.575440120697021440e-01
6.583252710103988381e-01
6.604241675138473600e-01
6.589496964216232655e-01
6.589147424697876509e-01
6.594729036092757957e-01
6.595707947015762018e-01
6.600475674867629650e-01
6.608967477083206310e-01
6.607115316390991255e-01
6.600088655948639360e-01
6.601224654912948298e-01
6.596098822355270785e-01
6.602621817588806286e-01
6.609942263364791959e-01
6.605713343620300826e-01
6.588244956731795776e-01
6.606692236661910744e-01
6.596642339229583651e-01
6.580956649780272949e-01
6.589295804500580056e-01
6.600374788045882957e-01
6.606950104236603005e-01
6.606817221641541060e-01
6.611465251445770575e-01
6.615725487470627275e-01
6.591651213169097412e-01
6.600008487701416460e-01
6.600251626968384189e-01
6.614681625366211071e-01
6.608320325613021851e-01
6.613443827629089666e-01
6.603498321771621438e-01
6.609401309490203769e-01
6.589022731781005726e-01
6.611348634958267301e-01
6.583073300123214455e-01
6.596646195650101019e-01
6.600541692972182739e-01
6.602425575256347656e-01
6.601318246126175460e-01
6.595865368843079057e-01
6.604210388660430864e-01
6.616691476106644210e-01
6.624955433607101485e-01
6.607369083166122481e-01
6.622899943590163652e-01
6.627374053001403587e-01
6.622127097845077470e-01
6.629573386907577914e-01
6.625260466337203891e-01
6.628461265563965199e-01
6.621482926607131780e-01
6.627783697843551147e-01
6.626015806198120028e-01
6.606770938634872747e-01
6.599863648414612260e-01
6.618043607473373946e-01
6.611935687065124689e-01
6.604034405946731523e-01
6.622991067171096757e-01
6.629957580566405717e-01
6.626233512163162143e-01
6.610953211784362793e-01
6.613860929012298495e-01
6.602228987216949285e-01
6.615807658433914273e-01
6.618786221742629650e-01
6.618361628055572377e-01
6.607743173837661299e-01
6.617808306217193293e-01
6.620180845260620339e-01
6.612007635831832486e-01
6.632578361034393577e-01
6.627251225709914761e-01
6.628488993644714444e-01
6.615504634380340310e-01
6.630011647939682007e-01
6.625694459676743087e-01
6.629360932111739713e-01
6.614086782932281361e-01
6.622303593158721524e-01
6.630713456869125055e-01
6.633808714151382402e-01
6.623401641845703125e-01
6.620170187950134011e-01
6.591994446516037387e-01
6.599215102195740146e-01
6.610983657836914107e-01
6.619261884689331410e-01
6.611502391099929321e-01
6.619653952121734575e-01
6.614968329668045044e-01
6.633811634778976618e-01
6.622646117210387873e-01
6.596469950675963867e-01
6.603220921754836548e-01
6.595341831445693526e-01
6.593605351448058594e-01
6.613822734355926380e-01
6.587592375278472634e-01
6.607436674833297996e-01
6.620581138134002952e-01
6.625754433870315596e-01
6.617727196216582897e-01
6.614437419176101285e-01
6.623142313957214311e-01
6.632385522127151045e-01
6.633596754074096991e-01
6.621084725856780651e-01
6.622493624687194602e-01
6.613545483350753429e-01
6.589100581407546509e-01
6.578730499744415150e-01
6.615208142995834262e-01
6.628171956539153920e-01
6.629129672050475541e-01
6.631135791540145874e-01
6.630208867788315308e-01
6.643264150619506703e-01
6.635899168252944458e-01
6.628972303867339821e-01
6.634871566295623690e-01
6.627505409717560081e-01
6.624159640073776778e-01
6.639976495504379406e-01
6.638534641265869674e-01
6.633938866853713590e-01
6.640200656652450739e-01
6.642413240671157793e-01
6.639143109321594682e-01
6.639145570993423284e-01
6.633308249711989957e-01
6.634567004442214477e-01
6.636233574151992887e-01
6.634301888942718550e-01
6.627169144153595148e-01
6.620116049051284479e-01
6.629238492250442150e-01
6.636190068721771196e-01
6.641980379819869551e-01
6.630344617366791260e-01
6.618359988927841053e-01
6.640973591804504306e-01
6.631066751480102495e-01
6.619398021697997514e-01
6.608880406618118375e-01
6.622962683439255205e-01
6.635546827316284313e-01
6.638682842254638450e-01
6.635565644502640081e-01
6.632975357770919400e-01
6.630329948663711281e-01
6.646892589330672951e-01
6.631287020444870395e-01
6.595070248842239691e-01
6.598695039749145064e-01
6.635014063119888394e-01
6.637115454673767623e-01
6.641891473531722490e-01
6.637487512826919511e-01
6.642527353763579834e-01
6.646293240785599021e-01
6.649181169271468628e-01
6.633763998746872170e-01
6.644910615682602106e-01
6.636046689748763550e-01
6.633207666873931485e-01
6.633149874210357844e-01
6.611811774969100775e-01
6.626576095819473045e-01
6.606464952230453047e-01
6.631837534904480025e-01
6.599666178226470947e-01
6.572469121217727750e-01
6.631694173812866522e-01
6.645738649368285733e-01
6.587156200408935680e-01
6.620555573701858432e-01
6.636759644746780262e-01
6.643167471885681463e-01
6.635802537202835083e-01
6.646795064210891946e-01
6.649610000848770186e-01
6.635236620903015581e-01
6.652599513530731423e-01
6.644822978973388139e-01
6.650147432088852062e-01
6.635695236921310691e-01
6.648600727319717851e-01
6.634156471490859630e-01
6.662360012531280962e-01
6.649834436178206909e-01
6.655269289016723100e-01
6.636299961805343095e-01
6.641630792617797541e-01
6.647433423995972035e-01
6.649758756160736306e-01
6.645737451314925881e-01
6.655353766679763527e-01
6.650727468729019654e-01
6.648071765899657981e-01
6.663615852594375610e-01
6.647166365385055453e-01
6.637298655509948908e-01
6.639388680458069292e-01
6.641077703237533436e-01
6.641830700635910079e-01
6.636342036724091065e-01
6.646211904287337990e-01
6.644485336542129694e-01
6.654387420415878163e-01
6.645190900564194036e-01
6.642362242937087657e-01
6.654802352190017922e-01
6.654756855964660822e-01
6.645506656169891668e-01
6.648232030868530540e-01
6.648609060049056607e-01
6.653767848014831010e-01
6.652147156000137729e-01
6.654639881849289118e-01
6.652505934238434060e-01
6.661591267585754705e-01
6.645252090692520541e-01
6.652414095401764094e-01
6.659926360845566107e-01
6.650107169151305841e-01
6.643850219249725075e-01
6.653156471252441584e-01
6.652038383483886985e-01
6.660425812005996704e-01
6.647418177127838446e-01
6.630570930242538630e-01
6.623722422122955145e-01
6.601091098785399902e-01
6.619235002994536821e-01
6.641119533777236628e-01
6.656771832704544423e-01
6.646335893869399492e-01
6.656158035993575695e-01
6.656402760744094538e-01
6.655478918552398815e-01
6.651755392551421675e-01
6.651003348827362327e-01
6.643362498283386097e-01
6.654017359018326028e-01
6.654611766338348611e-01
6.652233761548995705e-01
6.653590857982635276e-01
6.662018030881882158e-01
6.653684699535369340e-01
6.651515495777130527e-01
6.657934415340424072e-01
6.656984573602676702e-01
6.661128121614455777e-01
6.650169277191162465e-01
6.637046402692794445e-01
6.630541098117828103e-01
6.635524439811706365e-01
6.637796908617019653e-01
6.639599871635436523e-01
6.647653657197952759e-01
6.649615132808684992e-01
6.640744107961654707e-01
6.652673476934433117e-01
6.665081787109374822e-01
6.656940197944640758e-01
6.654480761289596202e-01
6.660843503475188943e-01
6.645488953590392711e-01
6.656396239995956421e-01
6.650555706024170455e-01
6.653246426582336559e-01
6.658465665578842119e-01
6.655175858736037675e-01
6.650607639551162631e-01
6.660649311542511386e-01
6.648536986112594249e-01
6.647603046894073886e-01
6.651360082626343040e-01
6.657570284605026645e-01
6.652363270521164385e-01
6.653026163578033003e-01
6.645091342926024991e-01
6.641556966304779097e-01
6.662895333766937211e-01
6.657430630922317460e-01
6.650020104646682251e-01
6.652665460109710160e-01
6.660872328281403076e-01
6.668263840675353604e-01
6.659635108709335283e-01
6.657538491487503540e-01
6.655403679609298573e-01
6.651992172002791914e-01
6.662367713451385898e-01
6.640395557880401922e-01
6.644421553611755682e-01
6.656215399503707664e-01
6.653224915266037209e-01
6.637156802415847823e-01
6.658260512351990013e-01
6.623207151889800581e-01
6.638894718885421931e-01
6.638658046722412109e-01
6.648967516422271684e-01
6.641877913475036088e-01
6.654050838947296320e-01
6.649608802795410334e-01
6.657944452762604159e-01
6.659162139892578214e-01
6.661449807882309226e-01
6.667120260000228837e-01
6.667052054405212536e-01
6.662058889865875022e-01
6.640252995491028321e-01
6.637788099050522250e-01
6.638791263103485107e-01
6.641677838563918579e-01
6.666203856468200240e-01
6.663333582878112615e-01
6.638073903322220248e-01
6.656347650289535789e-01
6.641238158941269454e-01
6.666305625438689875e-01
6.666357958316803112e-01
6.662999087572097912e-01
6.662775731086730824e-01
6.651624190807342574e-01
6.660903376340866489e-01
6.647215104103088024e-01
6.660270941257476762e-01
6.656145328283309404e-01
6.668135529756545887e-01
6.666134524345398438e-01
6.669080704450607300e-01
6.667852973937988814e-01
6.655519217252731101e-01
6.649018239974975319e-01
6.650790661573410256e-01
6.655839389562606678e-01
