3.618934154510498047e-01
3.227397799491882324e-01
3.849782943725585938e-01
3.283170759677886963e-01
4.406088888645172119e-01
3.650537133216857910e-01
3.422975540161132812e-01
3.952265381813049316e-01
3.613188862800598145e-01
3.801086843013763428e-01
3.838393092155456543e-01
2.775772213935852051e-01
4.070302248001098633e-01
3.530171513557434082e-01
3.618934154510498047e-01
3.227397799491882324e-01
3.849782943725585938e-01
3.283170759677886963e-01
4.406088888645172119e-01
3.650537133216857910e-01
3.422975540161132812e-01
3.952265381813049316e-01
3.613188862800598145e-01
3.801086843013763428e-01
3.838393092155456543e-01
2.775772213935852051e-01
4.070302248001098633e-01
3.530171513557434082e-01
3.618934154510498047e-01
3.227397799491882324e-01
3.849782943725585938e-01
3.283170759677886963e-01
4.406088888645172119e-01
3.650537133216857910e-01
3.422975540161132812e-01
3.952265381813049316e-01
3.613188862800598145e-01
3.801086843013763428e-01
3.838393092155456543e-01
2.775772213935852051e-01
4.070302248001098633e-01
3.530171513557434082e-01
3.618934154510498047e-01
3.227397799491882324e-01
3.849782943725585938e-01
3.283170759677886963e-01
4.406088888645172119e-01
3.650537133216857910e-01
3.422975540161132812e-01
3.952265381813049316e-01
3.613188862800598145e-01
3.801086843013763428e-01
3.838393092155456543e-01
2.775772213935852051e-01
4.070302248001098633e-01
3.530171513557434082e-01
3.618934154510498047e-01
3.227397799491882324e-01
3.849782943725585938e-01
3.283170759677886963e-01
4.406088888645172119e-01
3.650537133216857910e-01
3.422975540161132812e-01
3.952265381813049316e-01
3.613188862800598145e-01
3.801086843013763428e-01
3.838393092155456543e-01
2.775772213935852051e-01
4.070302248001098633e-01
3.530171513557434082e-01
3.618934154510498047e-01
3.227397799491882324e-01
3.849782943725585938e-01
3.283170759677886963e-01
4.406088888645172119e-01
3.650537133216857910e-01
3.422975540161132812e-01
3.952265381813049316e-01
3.613188862800598145e-01
3.801086843013763428e-01
3.838393092155456543e-01
2.775772213935852051e-01
4.070302248001098633e-01
3.530171513557434082e-01
3.618934154510498047e-01
3.227397799491882324e-01
3.849782943725585938e-01
3.283170759677886963e-01
4.406088888645172119e-01
3.650537133216857910e-01
3.422975540161132812e-01
3.952265381813049316e-01
3.613188862800598145e-01
3.801086843013763428e-01
3.838393092155456543e-01
2.775772213935852051e-01
4.070302248001098633e-01
3.530171513557434082e-01
3.618934154510498047e-01
3.227397799491882324e-01
3.849782943725585938e-01
3.283170759677886963e-01
4.406088888645172119e-01
3.650537133216857910e-01
3.422975540161132812e-01
3.952265381813049316e-01
3.613188862800598145e-01
3.801086843013763428e-01
3.838393092155456543e-01
2.775772213935852051e-01
4.070302248001098633e-01
3.530171513557434082e-01
3.618934154510498047e-01
3.227397799491882324e-01
3.849782943725585938e-01
3.283170759677886963e-01
4.406088888645172119e-01
3.650537133216857910e-01
3.422975540161132812e-01
3.952265381813049316e-01
3.613188862800598145e-01
3.801086843013763428e-01
3.838393092155456543e-01
2.775772213935852051e-01
4.070302248001098633e-01
3.530171513557434082e-01
3.618934154510498047e-01
3.227397799491882324e-01
