6.748639134457334876e-05
7.559273399238009006e-06
8.864616393111646175e-05
2.300617416040040553e-05
1.103789691114798188e-05
2.344739914406090975e-05
5.036495349486358464e-05
5.941576091572642326e-05
6.662540545221418142e-05
6.324865807982860133e-06
7.147940923459827900e-04
3.076570919802179560e-06
4.514486863627098501e-05
9.535229764878749847e-05
6.748639134457334876e-05
7.559273399238009006e-06
8.864616393111646175e-05
2.300617416040040553e-05
1.103789691114798188e-05
2.344739914406090975e-05
5.036495349486358464e-05
5.941576091572642326e-05
6.662540545221418142e-05
6.324865807982860133e-06
7.147940923459827900e-04
3.076570919802179560e-06
4.514486863627098501e-05
9.535229764878749847e-05
6.748639134457334876e-05
7.559273399238009006e-06
8.864616393111646175e-05
2.300617416040040553e-05
1.103789691114798188e-05
2.344739914406090975e-05
5.036495349486358464e-05
5.941576091572642326e-05
6.662540545221418142e-05
6.324865807982860133e-06
7.147940923459827900e-04
3.076570919802179560e-06
4.514486863627098501e-05
9.535229764878749847e-05
6.748639134457334876e-05
7.559273399238009006e-06
8.864616393111646175e-05
2.300617416040040553e-05
1.103789691114798188e-05
2.344739914406090975e-05
5.036495349486358464e-05
5.941576091572642326e-05
6.662540545221418142e-05
6.324865807982860133e-06
7.147940923459827900e-04
3.076570919802179560e-06
4.514486863627098501e-05
9.535229764878749847e-05
6.748639134457334876e-05
7.559273399238009006e-06
8.864616393111646175e-05
2.300617416040040553e-05
1.103789691114798188e-05
2.344739914406090975e-05
5.036495349486358464e-05
5.941576091572642326e-05
6.662540545221418142e-05
6.324865807982860133e-06
7.147940923459827900e-04
3.076570919802179560e-06
4.514486863627098501e-05
9.535229764878749847e-05
6.748639134457334876e-05
7.559273399238009006e-06
8.864616393111646175e-05
2.300617416040040553e-05
1.103789691114798188e-05
2.344739914406090975e-05
5.036495349486358464e-05
5.941576091572642326e-05
6.662540545221418142e-05
6.324865807982860133e-06
7.147940923459827900e-04
3.076570919802179560e-06
4.514486863627098501e-05
9.535229764878749847e-05
6.748639134457334876e-05
7.559273399238009006e-06
8.864616393111646175e-05
2.300617416040040553e-05
1.103789691114798188e-05
2.344739914406090975e-05
5.036495349486358464e-05
5.941576091572642326e-05
6.662540545221418142e-05
6.324865807982860133e-06
7.147940923459827900e-04
3.076570919802179560e-06
4.514486863627098501e-05
9.535229764878749847e-05
6.748639134457334876e-05
7.559273399238009006e-06
8.864616393111646175e-05
2.300617416040040553e-05
1.103789691114798188e-05
2.344739914406090975e-05
5.036495349486358464e-05
5.941576091572642326e-05
6.662540545221418142e-05
6.324865807982860133e-06
7.147940923459827900e-04
3.076570919802179560e-06
4.514486863627098501e-05
9.535229764878749847e-05
6.748639134457334876e-05
7.559273399238009006e-06
8.864616393111646175e-05
2.300617416040040553e-05
1.103789691114798188e-05
2.344739914406090975e-05
5.036495349486358464e-05
5.941576091572642326e-05
6.662540545221418142e-05
6.324865807982860133e-06
7.147940923459827900e-04
3.076570919802179560e-06
4.514486863627098501e-05
9.535229764878749847e-05
6.748639134457334876e-05
7.559273399238009006e-06
