5.380130435805767670e-03
4.275886514224111652e-03
4.252403902355581834e-03
4.047880640719085654e-03
3.984203608706593340e-03
3.878642616327851889e-03
3.598951685708015949e-03
3.128967611119151237e-03
2.586117190076038432e-03
2.244018204510212118e-03
1.822944916784763293e-03
1.501632067956961596e-03
1.371283735497854728e-03
1.361587350256740969e-03
1.341990146902389928e-03
1.305103720515035171e-03
1.309166149585507888e-03
1.253241862286813557e-03
1.275707722525112279e-03
1.268569815438240793e-03
1.255465744761750197e-03
1.224888697033747927e-03
1.212077733944170186e-03
1.202636750531382902e-03
1.190799070172943175e-03
1.216834390070289408e-03
1.178630518843419789e-03
1.165257591637782657e-03
1.132952618063427482e-03
1.137012108229100774e-03
1.120444053667597447e-03
1.131035073194652883e-03
1.151774005265906358e-03
1.126135075464844773e-03
1.112901525921188234e-03
1.062061701668426481e-03
1.066706181736662993e-03
1.091336256358772577e-03
1.060177937033586178e-03
1.069582966738380448e-03
1.060548057430423831e-03
1.044004084542393771e-03
1.059049598407000225e-03
1.013448665617033839e-03
1.021992817404679963e-03
1.012241443386301294e-03
1.010867900913581295e-03
1.003800301696173907e-03
1.001531375804915998e-03
9.536559385014697649e-04
9.773849253542721358e-04
9.726956882514059370e-04
9.667569684097543359e-04
9.573387878481299032e-04
9.429595893016085376e-04
9.412819897988810702e-04
8.931232086615637292e-04
9.146595513448118860e-04
8.935782907065004457e-04
9.080036589875817342e-04
9.143709961790591262e-04
8.748494234168902256e-04
8.976448659086599469e-04
8.709787105908617681e-04
8.596272353315725489e-04
8.300797000993043271e-04
8.814649278065189936e-04
8.696380449691787145e-04
8.555471536237746304e-04
8.493999636266380418e-04
8.314355358015746008e-04
8.241717726923525464e-04
8.020998939173296094e-04
8.111156441736966458e-04
8.112747879931703470e-04
8.165958733297884074e-04
8.069474692456424757e-04
7.877957646269351071e-04
8.005236473400145249e-04
7.719803875079378659e-04
7.796196278650314006e-04
7.748208081466145813e-04
7.652905461145565304e-04
7.507985096890479153e-04
7.584192859940230369e-04
7.283980748616159309e-04
7.253102905815467325e-04
7.451288925949484327e-04
7.250155456131324432e-04
7.541196368401870652e-04
6.976941158063710083e-04
7.247239287244155483e-04
7.304115232545882420e-04
6.913703453028574499e-04
7.132300810189917814e-04
6.976753496564924847e-04
7.105724542634561961e-04
6.905072962399571874e-04
6.887337990337982947e-04
6.551577744539826761e-04
6.669538779533468187e-04
6.541933602420612953e-04
6.589399583754129795e-04
6.909241201356053352e-04
6.672898033866658416e-04
6.374449023860506800e-04
6.520437842118553297e-04
6.274122573086061061e-04
6.307156066759489607e-04
6.375629483954981403e-04
6.407642032718285615e-04
6.202044559177011208e-04
6.252781642251647705e-04
6.269087089458480130e-04
6.160029518650845170e-04
6.059810586157254571e-04
5.947840469889342308e-04
5.915664561325684233e-04
5.983454082161188039e-04
5.946404812857508486e-04
5.806575209135189652e-04
5.765959454583934919e-04
6.026426402968354306e-04
5.784433282678947373e-04
5.858301074476912271e-04
5.775403714505955187e-04
5.738870127242989665e-04
5.692809473839588507e-04
5.829138815170154236e-04
5.854475396336056032e-04
5.779425959917716855e-04
5.610104458173737103e-04
5.499724758556112343e-04
5.513034146861173169e-04
5.483590569929219912e-04
5.447207693941891497e-04
5.411412849207408379e-04
5.581809504656121655e-04
5.405930188135244343e-04
5.331881460733711503e-04
5.288708652369677630e-04
5.528083952958695070e-04
5.236806941684335644e-04
5.361856499803252084e-04
5.252979189390316215e-04
5.266668269177898461e-04
5.278476545936427620e-04
5.339963629376143304e-04
5.308360408525914084e-04
5.050294421380385756e-04
5.253731910488568420e-04
5.100361781660467560e-04
5.021198737085796416e-04
5.009489701478742280e-04
5.253918058588169038e-04
5.265558490646071992e-04
5.046475044218822967e-04
5.034805729519576311e-04
4.826204990968108199e-04
4.980640544090420441e-04
4.692637312109581931e-04
4.852835691417567627e-04
4.921388553339056280e-04
4.780815183767117733e-04
4.915608669398352851e-04
4.869696227251552067e-04
4.898701925412751301e-04
4.835310476482845583e-04
4.807085209176875586e-04
4.776002722792327512e-04
4.845444211969151833e-04
4.715549299726262559e-04
4.760178399737924186e-04
4.782289339345880070e-04
4.688829119550064119e-04
4.577338433591648828e-04
4.520340755698271182e-04
4.589558698353357440e-04
4.567677492741495197e-04
4.761179155320860380e-04
4.488717764616012790e-04
4.816033254610374505e-04
4.598482692381367283e-04
4.475664626806974563e-04
4.534739736118353860e-04
4.449949174886569229e-04
4.510761494748294484e-04
4.430485484772362075e-04
4.682034777943044901e-04
4.329837966361083285e-04
4.454183427151292758e-04
4.404796255403198150e-04
4.371635257848538220e-04
4.452306820894591510e-04
4.400712589267641393e-04
4.337093484355136817e-04
4.269706757622771225e-04
4.257708555087446950e-04
4.365760460495948987e-04
4.410360730253160022e-04
4.292957283905707343e-04
4.413457139162346656e-04
4.238072744919918564e-04
4.246904086903668962e-04
4.275186546146869421e-04
4.314596953918226063e-04
4.220362706109881358e-04
4.340669122757389881e-04
4.093565745279193141e-04
4.113607239560224007e-04
4.054789675865322417e-04
4.122580771218053975e-04
4.195689666084945180e-04
4.264986090129241109e-04
4.150944654247723650e-04
3.928391583031043193e-04
4.066768698976375054e-04
4.110226867487654220e-04
4.121053425478748977e-04
3.965136065380647583e-04
3.862308591487817336e-04
4.062546000932343174e-04
3.960941542754881019e-04
4.199512593913823475e-04
3.996681858552620032e-04
3.958162694470957182e-04
4.013823298737406687e-04
4.010697480407543307e-04
3.851386232418008170e-04
3.941829199902713299e-04
3.939577657729387218e-04
3.946871828520670490e-04
3.860632529540453171e-04
3.881922655273228797e-04
3.912350678001530555e-04
3.780797647777945020e-04
3.921684442320838744e-04
3.854197944747284272e-04
3.934301546541973862e-04
3.829786597634665885e-04
3.711849934188648993e-04
3.735106025123968742e-04
3.825196961406618270e-04
3.821439706371165704e-04
3.923139913240447532e-04
3.843732232053298438e-04
3.929815551964566090e-04
3.806279585114680317e-04
3.827672320767305575e-04
3.744361799908801827e-04
3.703061965643428071e-04
3.891483697225339689e-04
3.749969392083585457e-04
3.761042423138860678e-04
3.742755597340874526e-04
3.670983594201971106e-04
3.664531584945507456e-04
3.592823338112793928e-04
3.697761212242767020e-04
3.780139356967992994e-04
3.513198957080021284e-04
3.581431758357212034e-04
3.654305246891454057e-04
3.614087132154963932e-04
3.732448263326659820e-04
3.571560142154339723e-04
3.691617771983146689e-04
3.700094323721714058e-04
3.711633899365551965e-04
3.598350677930284335e-04
3.443663197685964514e-04
3.495922466390766442e-04
3.417575600906275104e-04
3.626790628186427317e-04
3.575781403924338411e-04
3.465961033361963841e-04
3.557348996400833152e-04
3.405145721626467829e-04
3.532902977894991419e-04
3.666380885988474109e-04
3.371986551792360929e-04
3.508753090864047495e-04
3.510699752951040864e-04
3.465652183513157200e-04
3.475783154135570060e-04
3.428872241056524369e-04
3.441519760235678535e-04
3.646176232723519380e-04
3.449576243292540507e-04
3.442117240047082110e-04
3.355398769781459058e-04
3.331122112285811671e-04
3.337749731144867837e-04
3.505944205971900222e-04
3.365592856425791979e-04
3.240864556573796800e-04
3.336829255567863453e-04
3.317649621749297001e-04
3.432006390357855447e-04
3.452105740143452078e-04
3.210836909420322692e-04
3.322766708151902895e-04
3.171715990174561782e-04
3.486406759475357874e-04
3.299796881037764251e-04
3.224293203675188081e-04
3.275095282879192404e-04
3.239431740075815491e-04
3.321901144227012970e-04
3.348358292714692717e-04
3.217178781051188469e-04
3.218904440291225758e-04
3.276456519961357355e-04
3.343207605939824199e-04
3.320528194308280945e-04
3.132450078555848623e-04
3.284197498578578147e-04
3.269834967795759548e-04
3.255347258527763123e-04
3.266729813185520448e-04
3.128461119194980624e-04
3.320095675007905811e-04
3.165215886838268380e-04
3.264411575219128454e-04
3.243022791866678701e-04
3.045079849835019645e-04
3.204192420525941781e-04
3.163702164602000331e-04
3.313437965698540254e-04
3.249854479508940087e-04
3.234468439768534305e-04
3.035961890418548137e-04
3.138427043450065217e-04
3.218515244952868887e-04
3.131309762829914667e-04
3.088189406844321877e-04
3.141393986879848161e-04
3.088490624213591348e-04
3.149902878794819355e-04
3.108972332847770499e-04
3.056303027551621264e-04
3.113192263117525466e-04
3.073093960119877097e-04
3.148277540458366210e-04
3.134690872684586576e-04
3.054983864421956480e-04
2.967597900715190679e-04
3.187432176491711137e-04
3.048887732438743245e-04
3.206506853166501774e-04
2.927561510296073049e-04
2.948570538137573640e-04
3.158671331766527059e-04
2.991368499351665486e-04
3.056097132503054776e-04
2.985345500928815498e-04
2.979153677006252067e-04
3.063626302173361269e-04
2.961209419299848334e-04
3.131948912050574888e-04
2.838822211197111951e-04
2.934174101392272947e-04
3.040437755407765529e-04
2.939980113296769559e-04
3.027220338117331505e-04
2.894482655392494269e-04
3.043749344942625677e-04
2.946063820854760967e-04
2.980799446231685622e-04
2.937885103165171932e-04
2.856085648818407056e-04
2.972565621894318632e-04
2.942339279979933097e-04
2.976223794394172685e-04
2.883902324538212421e-04
2.771623020817060175e-04
2.935347540187649320e-04
2.948191190080251523e-04
2.885609380609821788e-04
2.936602784029674045e-04
2.790026378352195198e-04
2.853237456292845309e-04
2.882818675425369271e-04
2.940489845059346624e-04
2.942659713153261735e-04
2.816428941150661363e-04
2.942914527375251141e-04
2.885715237061958673e-04
2.957467253145296257e-04
2.922151242091786073e-04
2.739837527042254957e-04
2.848236491263378260e-04
2.789805976499337898e-04
2.897127367032226435e-04
2.871806320035830379e-04
2.822709083557129058e-04
2.857394939928781480e-04
2.880315744550898411e-04
2.803968079388141892e-04
2.854704690980725229e-04
2.861590513202827359e-04
2.803850639611482468e-04
2.752043072541709751e-04
2.750570808711927644e-04
2.900045162823516789e-04
2.784003585111349951e-04
2.660579308576416094e-04
2.702572841371875039e-04
2.811097587982658470e-04
2.744822799286339215e-04
2.706244973524008163e-04
2.750046247092541329e-04
2.747622436436358753e-04
2.709020387555938431e-04
2.779171561996918280e-04
2.654646492737810929e-04
2.720140923338476547e-04
2.833379412186331852e-04
2.746216111700050793e-04
2.720314040197990596e-04
2.624171355273574352e-04
2.744653241825290154e-04
2.651242351566907149e-04
2.745904347102623194e-04
2.728133458003867569e-04
2.635798080882522970e-04
2.683124745090026625e-04
2.748340208199806728e-04
2.665602866909466944e-04
2.797091848333366259e-04
2.646205245400779014e-04
2.687140958732925160e-04
2.651190351753030124e-04
2.670429409772623591e-04
2.757832127099391116e-04
2.600783291563857542e-04
2.650211045693140325e-04
2.635680577077437431e-04
2.639544015983119520e-04
2.630390008562244475e-04
2.538261696463450594e-04
2.632569293200503991e-04
2.572127843450289111e-04
2.653923424077220044e-04
2.654430484108161268e-04
2.563780934724491046e-04
2.540754804795142307e-04
2.635509941319469384e-04
2.645477697660680665e-04
2.712810640514362538e-04
2.551498384855222044e-04
2.535874189925379813e-04
2.602249356277752689e-04
2.579928742488846226e-04
2.647910336963832552e-04
2.528700216498691632e-04
2.543930648243986179e-04
2.593581296969205271e-04
2.583655880880542034e-04
2.591778697387780972e-04
2.584890791331418097e-04
2.535379877372179397e-04
2.595633990131318699e-04
2.509332199406344487e-04
2.563915254722814833e-04
2.600268006790429310e-04
2.520901587558910359e-04
2.568726940080523643e-04
2.574784714670385905e-04
2.524015369999688227e-04
2.479973276786040493e-04
2.447636524448171410e-04
2.573740483785513745e-04
2.523413677408825606e-04
2.515294408658519192e-04
2.487377224315423367e-04
2.527936623664572727e-04
2.498517953790724364e-04
2.499849590822122731e-04
2.507976609922480012e-04
2.412431736593134723e-04
2.409164460550527933e-04
2.463636321772355673e-04
2.644356423115823244e-04
2.569476646021939619e-04
2.346344276156742104e-04
2.420149138197302851e-04
2.472813501663040131e-04
2.573854319052770625e-04
2.471574899391271022e-04
2.430778519192244727e-04
2.443068323191255288e-04
2.504503993259277281e-04
2.421560978109482687e-04
2.493433865311090012e-04
2.457569498801603913e-04
2.412405164795927779e-04
2.434633646043948764e-04
2.456895433715544554e-04
2.435136282292660239e-04
