3.536784052848815918e-01
3.254891932010650635e-01
3.755630850791931152e-01
3.331135511398315430e-01
4.372865557670593262e-01
3.602114617824554443e-01
3.493943810462951660e-01
3.875183761119842529e-01
3.531564474105834961e-01
3.826236128807067871e-01
4.105749428272247314e-01
2.793312370777130127e-01
4.003112316131591797e-01
3.432523012161254883e-01
3.536784052848815918e-01
3.254891932010650635e-01
3.755630850791931152e-01
3.331135511398315430e-01
4.372865557670593262e-01
3.602114617824554443e-01
3.493943810462951660e-01
3.875183761119842529e-01
3.531564474105834961e-01
3.826236128807067871e-01
4.105749428272247314e-01
2.793312370777130127e-01
4.003112316131591797e-01
3.432523012161254883e-01
3.536784052848815918e-01
3.254891932010650635e-01
3.755630850791931152e-01
3.331135511398315430e-01
4.372865557670593262e-01
3.602114617824554443e-01
3.493943810462951660e-01
3.875183761119842529e-01
3.531564474105834961e-01
3.826236128807067871e-01
4.105749428272247314e-01
2.793312370777130127e-01
4.003112316131591797e-01
3.432523012161254883e-01
3.536784052848815918e-01
3.254891932010650635e-01
3.755630850791931152e-01
3.331135511398315430e-01
4.372865557670593262e-01
3.602114617824554443e-01
3.493943810462951660e-01
3.875183761119842529e-01
3.531564474105834961e-01
3.826236128807067871e-01
4.105749428272247314e-01
2.793312370777130127e-01
4.003112316131591797e-01
3.432523012161254883e-01
3.536784052848815918e-01
3.254891932010650635e-01
3.755630850791931152e-01
3.331135511398315430e-01
4.372865557670593262e-01
3.602114617824554443e-01
3.493943810462951660e-01
3.875183761119842529e-01
3.531564474105834961e-01
3.826236128807067871e-01
4.105749428272247314e-01
2.793312370777130127e-01
4.003112316131591797e-01
3.432523012161254883e-01
3.536784052848815918e-01
3.254891932010650635e-01
3.755630850791931152e-01
3.331135511398315430e-01
4.372865557670593262e-01
3.602114617824554443e-01
3.493943810462951660e-01
3.875183761119842529e-01
3.531564474105834961e-01
3.826236128807067871e-01
4.105749428272247314e-01
2.793312370777130127e-01
4.003112316131591797e-01
3.432523012161254883e-01
3.536784052848815918e-01
3.254891932010650635e-01
3.755630850791931152e-01
3.331135511398315430e-01
4.372865557670593262e-01
3.602114617824554443e-01
3.493943810462951660e-01
3.875183761119842529e-01
3.531564474105834961e-01
3.826236128807067871e-01
4.105749428272247314e-01
2.793312370777130127e-01
4.003112316131591797e-01
3.432523012161254883e-01
3.536784052848815918e-01
3.254891932010650635e-01
3.755630850791931152e-01
3.331135511398315430e-01
4.372865557670593262e-01
3.602114617824554443e-01
3.493943810462951660e-01
3.875183761119842529e-01
3.531564474105834961e-01
3.826236128807067871e-01
4.105749428272247314e-01
2.793312370777130127e-01
4.003112316131591797e-01
3.432523012161254883e-01
3.536784052848815918e-01
3.254891932010650635e-01
3.755630850791931152e-01
3.331135511398315430e-01
4.372865557670593262e-01
3.602114617824554443e-01
3.493943810462951660e-01
3.875183761119842529e-01
3.531564474105834961e-01
3.826236128807067871e-01
4.105749428272247314e-01
2.793312370777130127e-01
4.003112316131591797e-01
3.432523012161254883e-01
3.536784052848815918e-01
3.254891932010650635e-01
