3.526203632354736328e-01
3.005119562149047852e-01
3.533662855625152588e-01
3.093592524528503418e-01
4.187967479228973389e-01
3.429105877876281738e-01
3.321618437767028809e-01
3.563302755355834961e-01
3.276707828044891357e-01
3.716934919357299805e-01
3.585073053836822510e-01
2.867559492588043213e-01
3.951006233692169189e-01
3.135299384593963623e-01
3.526203632354736328e-01
3.005119562149047852e-01
3.533662855625152588e-01
3.093592524528503418e-01
4.187967479228973389e-01
3.429105877876281738e-01
3.321618437767028809e-01
3.563302755355834961e-01
3.276707828044891357e-01
3.716934919357299805e-01
3.585073053836822510e-01
2.867559492588043213e-01
3.951006233692169189e-01
3.135299384593963623e-01
3.526203632354736328e-01
3.005119562149047852e-01
3.533662855625152588e-01
3.093592524528503418e-01
4.187967479228973389e-01
3.429105877876281738e-01
3.321618437767028809e-01
3.563302755355834961e-01
3.276707828044891357e-01
3.716934919357299805e-01
3.585073053836822510e-01
2.867559492588043213e-01
3.951006233692169189e-01
3.135299384593963623e-01
3.526203632354736328e-01
3.005119562149047852e-01
3.533662855625152588e-01
3.093592524528503418e-01
4.187967479228973389e-01
3.429105877876281738e-01
3.321618437767028809e-01
3.563302755355834961e-01
3.276707828044891357e-01
3.716934919357299805e-01
3.585073053836822510e-01
2.867559492588043213e-01
3.951006233692169189e-01
3.135299384593963623e-01
3.526203632354736328e-01
3.005119562149047852e-01
3.533662855625152588e-01
3.093592524528503418e-01
4.187967479228973389e-01
3.429105877876281738e-01
3.321618437767028809e-01
3.563302755355834961e-01
3.276707828044891357e-01
3.716934919357299805e-01
3.585073053836822510e-01
2.867559492588043213e-01
3.951006233692169189e-01
3.135299384593963623e-01
3.526203632354736328e-01
3.005119562149047852e-01
3.533662855625152588e-01
3.093592524528503418e-01
4.187967479228973389e-01
3.429105877876281738e-01
3.321618437767028809e-01
3.563302755355834961e-01
3.276707828044891357e-01
3.716934919357299805e-01
3.585073053836822510e-01
2.867559492588043213e-01
3.951006233692169189e-01
3.135299384593963623e-01
3.526203632354736328e-01
3.005119562149047852e-01
3.533662855625152588e-01
3.093592524528503418e-01
4.187967479228973389e-01
3.429105877876281738e-01
3.321618437767028809e-01
3.563302755355834961e-01
3.276707828044891357e-01
3.716934919357299805e-01
3.585073053836822510e-01
2.867559492588043213e-01
3.951006233692169189e-01
3.135299384593963623e-01
3.526203632354736328e-01
3.005119562149047852e-01
3.533662855625152588e-01
3.093592524528503418e-01
4.187967479228973389e-01
3.429105877876281738e-01
3.321618437767028809e-01
3.563302755355834961e-01
3.276707828044891357e-01
3.716934919357299805e-01
3.585073053836822510e-01
2.867559492588043213e-01
3.951006233692169189e-01
3.135299384593963623e-01
3.526203632354736328e-01
3.005119562149047852e-01
3.533662855625152588e-01
3.093592524528503418e-01
4.187967479228973389e-01
3.429105877876281738e-01
3.321618437767028809e-01
3.563302755355834961e-01
3.276707828044891357e-01
3.716934919357299805e-01
3.585073053836822510e-01
2.867559492588043213e-01
3.951006233692169189e-01
3.135299384593963623e-01
3.526203632354736328e-01
3.005119562149047852e-01
