1.119453031606099103e-06
6.238623755052685738e-04
4.926979308947920799e-04
5.642666947096586227e-04
3.418730047997087240e-04
2.993202360812574625e-04
2.969603519886732101e-04
9.726976277306675911e-04
6.495190900750458241e-04
1.194675423903390765e-04
2.711038803681731224e-03
5.512635107152163982e-05
2.715043774514924735e-05
8.834188338369131088e-04
1.119453031606099103e-06
6.238623755052685738e-04
4.926979308947920799e-04
5.642666947096586227e-04
3.418730047997087240e-04
2.993202360812574625e-04
2.969603519886732101e-04
9.726976277306675911e-04
6.495190900750458241e-04
1.194675423903390765e-04
2.711038803681731224e-03
5.512635107152163982e-05
2.715043774514924735e-05
8.834188338369131088e-04
1.119453031606099103e-06
6.238623755052685738e-04
4.926979308947920799e-04
5.642666947096586227e-04
3.418730047997087240e-04
2.993202360812574625e-04
2.969603519886732101e-04
9.726976277306675911e-04
6.495190900750458241e-04
1.194675423903390765e-04
2.711038803681731224e-03
5.512635107152163982e-05
2.715043774514924735e-05
8.834188338369131088e-04
1.119453031606099103e-06
6.238623755052685738e-04
4.926979308947920799e-04
5.642666947096586227e-04
3.418730047997087240e-04
2.993202360812574625e-04
2.969603519886732101e-04
9.726976277306675911e-04
6.495190900750458241e-04
1.194675423903390765e-04
2.711038803681731224e-03
5.512635107152163982e-05
2.715043774514924735e-05
8.834188338369131088e-04
1.119453031606099103e-06
6.238623755052685738e-04
4.926979308947920799e-04
5.642666947096586227e-04
3.418730047997087240e-04
2.993202360812574625e-04
2.969603519886732101e-04
9.726976277306675911e-04
6.495190900750458241e-04
1.194675423903390765e-04
2.711038803681731224e-03
5.512635107152163982e-05
2.715043774514924735e-05
8.834188338369131088e-04
1.119453031606099103e-06
6.238623755052685738e-04
4.926979308947920799e-04
5.642666947096586227e-04
3.418730047997087240e-04
2.993202360812574625e-04
2.969603519886732101e-04
9.726976277306675911e-04
6.495190900750458241e-04
1.194675423903390765e-04
2.711038803681731224e-03
5.512635107152163982e-05
2.715043774514924735e-05
8.834188338369131088e-04
1.119453031606099103e-06
6.238623755052685738e-04
4.926979308947920799e-04
5.642666947096586227e-04
3.418730047997087240e-04
2.993202360812574625e-04
2.969603519886732101e-04
9.726976277306675911e-04
6.495190900750458241e-04
1.194675423903390765e-04
2.711038803681731224e-03
5.512635107152163982e-05
2.715043774514924735e-05
8.834188338369131088e-04
1.119453031606099103e-06
6.238623755052685738e-04
4.926979308947920799e-04
5.642666947096586227e-04
3.418730047997087240e-04
2.993202360812574625e-04
2.969603519886732101e-04
9.726976277306675911e-04
6.495190900750458241e-04
1.194675423903390765e-04
2.711038803681731224e-03
5.512635107152163982e-05
2.715043774514924735e-05
8.834188338369131088e-04
1.119453031606099103e-06
6.238623755052685738e-04
4.926979308947920799e-04
5.642666947096586227e-04
3.418730047997087240e-04
2.993202360812574625e-04
2.969603519886732101e-04
9.726976277306675911e-04
6.495190900750458241e-04
1.194675423903390765e-04
2.711038803681731224e-03
5.512635107152163982e-05
2.715043774514924735e-05
8.834188338369131088e-04
1.119453031606099103e-06
6.238623755052685738e-04
